m 663.66785,550.47627
c 0.4774,1.27754 0.0312,0.0862 0.50977,1.3633 3.94414,0.85654 7.56393,1.75039 11.55138,2.39288 0.6055,0.57606 0.95623,1.24417 1.61524,1.7109 2.16503,0.17285 2.71472,0.48106 4.16345,0.34732 0.76907,0.64402 1.26938,1.06572 2.03907,1.709 1.12794,-0.29452 0.78046,-0.0595 1.86914,-0.4297
l 1.70117,-1.539
c -0.52272,-0.2161 -2.42336,-1.29606 -2.97986,-1.45482 -1.26647,-0.64442 -1.71285,-1.2453 -2.7129,-2.3066 -0.69993,-0.51992 -4.80224,-1.00169 -5.5706,-1.38637 -4.22619,-1.04099 -5.53459,-1.19497 -9.80691,-2.03191
z

m 4.58403,-75.40701
c 0.77629,1.51206 0.46192,0.89713 1.23632,2.41014 1.25335,0.11407 0.56111,0.0499 1.81446,0.16406 1.06793,-0.94551 0.99912,-0.88384 2.0664,-1.83008 0.32135,-1.5821 0.16956,-0.83029 0.49219,-2.41211 -1.19216,-0.43158 -0.86606,-0.31351 -2.05859,-0.74412
l -2.06446,0.58008
z

m 24.21093,-14.48072
c 1.48863,1.73275 1.15825,1.34503 2.64649,3.07811 0.94886,-0.84134 -0.29541,0.26032 0.65429,-0.58008 -0.04,-4.72862 -0.0387,-4.59364 -0.0781,-9.32226 -1.52932,1.16604 -1.52932,1.16604 -3.05861,2.33205
z

M 410.12885,389.86958
c 0.0771,-0.87695 0.0771,-0.87695 0.15429,-1.7539 -0.33579,-0.48893 -0.69848,-1.51501 -1.10546,-1.91992 -0.76456,-0.34135 -1.859,-0.52403 -2.53321,-0.95899 -0.90467,-2.28759 -2.49805,-5.4898 -3.63867,-7.66601 -0.089,-0.75217 -0.67291,-2.63366 -0.63086,-3.35547 0.35409,-0.52917 0.47656,-0.63868 0.95313,-1.27735
l -1e-5,-1.51365 -3.65038,-0.086 -0.63086,-0.95898 1.58198,-2.39453
c -0.58402,-0.57524 -0.54345,-0.5355 -1.12691,-1.11133 -1.79657,1.31935 -1.69511,1.24189 -3.49218,2.56055 -0.72269,2.42966 -1.1758,3.95766 -1.90039,6.38676
l 1.90039,-0.15625 -0.1543,3.67578 0.94922,1.11523 3.17578,0.15625 0.47461,4.95313 -2.69727,0.3164 -0.3164,2.56055 -2.06055,3.0332 3.33008,0.32032 0.79492,0.47656
c -1.57668,0.91321 -4.76712,2.76055 -6.34375,3.67383 2.04338,1.02674 0.17491,0.0894 2.21875,1.11523
l 6.66406,-3.03516 4.2793,0.47657 2.22266,-0.95899 0.94922,-1.27929 -1.10547,-0.64063 0.15625,-0.79297
z

m -16.1543,-11.17578
c -1.42676,0.16016 -1.86095,0.21741 -2.85351,0.32032
l -0.67383,-0.22462
c -0.28221,0.49174 -0.88911,2.15612 -1.38282,3.25 -1.16564,-0.0606 -1.85187,-0.0947 -3.01757,-0.1543 -0.0662,1.76307 -0.17123,0.96896 -0.15625,2.71484
l 0.94922,1.91992
c -0.68546,0.43916 -2.80501,1.79881 -3.49024,2.23829 0,1.02752 -1e-5,-0.0666 0,0.96093 1.01808,0.67051 0.53148,0.53925 1.58008,1.11328 1.09354,-0.0453 1.15176,0.1613 2.22461,0 1.94382,-0.71351 5.03066,-1.84543 6.97461,-2.55859
l 0.78711,-5.1875 0.01,-0.70897 0.79492,-1.43555
z

m 326.75783,1.70507
c -0.66312,0.58204 -0.66312,0.58204 -1.32425,1.16602 0.36128,1.22088 0.33301,1.24902 0.66602,2.49804 0.38268,0.44904 0.57909,0.58301 1.15819,1.16602 -0.0446,0.66101 -0.0666,2.52919 -0.0859,3.83008 -0.58236,0.24978 -0.90451,0.33694 -1.48633,0.57812 -0.46087,1.02805 -0.69621,1.55645 -1.15819,2.58399 1.56449,2.1529 1.82413,2.50588 3.38671,4.66015
l 2.23046,-0.7539 0.41602,-1.16602 -2.39648,-2.16016 1.48632,-1.91992 1.57227,0.25 3.4297,2.30469
c 0.28477,-1.81419 0.18554,-1.29199 0.37109,-2.58398 0.64984,-1.09355 0.96987,-1.76543 1.62891,-2.97852 1.08244,-1.09536 1.19919,-1.21483 2.28125,-2.31055 -0.92686,-0.42264 -1.54208,-0.70195 -2.46875,-1.125
l -0.94336,-1.80078 -1.23633,0.83008 -1.07031,1.33008 -2.31641,-0.5 -2.39453,-1.58399
z

m -0.50407,-2.08397
c 0.5273,-0.45117 0.70312,-0.58399 1.40625,-1.16797 0.32523,-0.94769 0.33368,-0.97002 0.6582,-1.91797 -2.08306,-2.27477 -3.94853,-4.30483 -6.0332,-6.57813 -10e-6,-0.71384 0.082,-2.42185 0.16406,-3.41601 0.66113,-0.28906 0.66113,-0.28906 1.32227,-0.57813 0.15878,-0.9612 0.16993,-1.03706 0.33007,-1.99804 -4.15751,-5.85861 -7.6368,-10.89973 -11.81836,-16.73633 -1.42551,-1.30806 0.51547,0.47411 -0.90822,-0.83594 -0.0481,3.46095 -0.0275,1.87303 -0.0742,5.33399 0.90803,1.40894 5.77914,8.92262 6.68946,10.33007
l 2.39453,8.98828 4.21875,7.9961
z

m 1.24232,33.80858
c -0.74219,-0.45801 -0.42054,-0.28824 -1.48438,-0.91602 -0.3985,0.85822 -0.7763,1.78194 -1.16016,2.58399
l -0.25,2.41211
c 0.33948,0.55609 0.45508,0.70801 0.91016,1.41601
l -0.58008,1.08008
c -0.80348,-0.67451 -0.95117,-0.79101 -1.90234,-1.58203
h -1.32227
c -0.57813,0.33301 -0.57813,0.33301 -1.15625,0.66602 -0.45508,0.12695 0,0 -0.91215,0.2499 -2.06411,2.36602 -2.15225,2.46811 -4.21875,4.83203
v 2.32226
l 2.60352,-0.3125 4.08595,-3.59179 2.73046,-0.50196 0.66406,0.78125 0.0137,2.37696 0.6875,1.25
h 1.25586
c 0.87205,-1.11271 0.88183,-1.0791 1.76367,-2.15821 0.14974,-0.56667 0.59352,-2.27094 0.74219,-2.83789 0.98144,-0.0238 2.57137,-0.0596 3.55273,-0.0859 1.56739,-1.87861 1.909,-2.28758 3.47658,-4.16602 -0.87196,-3.42602 -1.89646,-7.12183 -2.64454,-10.57813 0.74941,-0.61685 1.06554,-0.87865 1.81446,-1.49609 -1.7978,-2.67402 -2.29653,-3.60163 -4.13282,-6.24023
l -0.94335,-0.74407 -1.875,0.74414 -0.48047,2.58398
v 2.08203
l 0.99218,1.16797 0.33008,5.49805
z

m -12.15235,14.07224
c -0.57713,0.57956 -0.83321,0.83628 -1.41015,1.41601 0.43251,1.48617 0.14883,0.51152 0.58007,1.99805 0.68225,-0.018 0,0 1.23438,0.0859 0.20453,0.87727 0.54353,3.49567 0.83008,4.33203 0.88153,0.96158 0.1099,0.11919 0.99218,1.08008 1.27583,-1.15952 0.46099,-0.42416 1.73829,-1.58204 0.0353,-1.19959 0.11269,-3.57392 0.15039,-4.77343 -0.63137,-0.6982 -1.3965,-1.49514 -2,-2.125
z

m 5.93164,2.11914
c 0.39843,-0.41728 2.16796,-2.27114 2.625,-2.75 0.17531,-1.07687 0.32486,-2.44531 0.3711,-3.0625
l -1.55664,-0.3125 -2.66016,2.15625 -0.58984,2.71875
z

m -75.73242,85.31549
c -0.25826,2.11735 0.0213,-0.14815 -0.24023,1.9688 2.25988,3.79733 3.60793,6.06477 5.86914,9.8613
h 1.70898
c 4.02539,6.73504 8.20552,13.72759 12.23047,20.4629
l 4.89453,0.4922
c 0.95219,-2.78265 1.49354,-4.36561 2.44531,-7.1484 -1.49943,-0.94477 -2.41588,-1.51925 -3.91601,-2.4629 -0.27785,-1.2636 -0.36013,-2.73257 -0.73438,-3.9414
z

m 67.90039,47.63742
c 0.62536,1.5643 -0.32585,-0.65006 0.42188,0.9414 1.34092,-0.28393 0.73495,0.0222 2.0338,-0.34732 0.741,-0.63481 1.42278,-1.51259 2.20508,-2.0586 2.18115,-0.30035 2.15096,-0.29691 4.33203,-0.5977 -0.96475,-1.65117 0.1157,0.2008 -0.84765,-1.4512 -1.81697,-0.0674 -1.90868,-0.16471 -3.72717,-0.17018
z

M 267.77125,267.43204
c -1.54743,-2.33867 -7.27034,-10.9918 -8.81836,-13.33007
l -2.67969,1.73632 0.18945,2.31641 -3.06836,-1.1582 -1.33984,1.7539 0.19141,3.08594
h 5.17773
l 1.33984,1.1582 -0.18945,1.34961 -4.60156,0.57813 3.26172,4.44336 4.41015,0.77148
z

M 251.865,265.70158
c -0.72945,-0.91992 -1.24512,-1.44825 -2.49024,-2.89649 -1.69477,0.22786 -1.18218,0.15884 -2.87695,0.38672
l 1.5293,1.74023 -1.33985,2.31446 0.96094,2.50586 4.2168,-2.31641
z

m -7.67383,-2.32422
c -1.28458,-1.42601 -2.54504,-2.82635 -3.83008,-4.25196 -2.00106,0.11429 -1.82992,0.0522 -3.83106,0.16507 -0.19042,1.38767 -0.19042,1.38767 -1.14941,2.73728
v 1.92773
c 1.67457,-0.26731 1.96592,-0.31369 3.64063,-0.58008 1.22615,1.05214 2.60171,2.23527 3.82812,3.28711
h 1.3418
z

m -1.53124,17.58011 4.4082,1.73829
c -0.57519,0.86914 -0.57519,0.86914 -1.15039,1.73828 -2.1084,-0.77442 -2.1084,-0.77442 -4.2168,-1.54883
z

m -2.49024,-7.33984
c -2.10742,0.28809 -2.81337,0.42265 -4.21875,0.58008 -1.4841,1.37935 -1.00613,0.93512 -2.49023,2.31445 2.19587,0.0903 2.40372,0.0999 4.59961,0.18946 -0.18379,0.62397 -1.30204,2.86603 -1.33985,3.47656 0.70136,1.13828 0.25418,0.4127 0.95899,1.54883 0.82182,-0.11634 0.52014,-0.074 1.3418,-0.19141
l 3.25781,-5.21094
z

m 11.50586,16.61524
c 0.75571,0.27745 -9.3826,-3.17406 -8.62695,-2.89649 -0.65232,0.53517 -3.37349,2.75188 -4.02734,3.28516
l 0.95898,4.05273
h 2.49023
l 1.14844,-2.125 1.72852,1.73633 1.72851,-0.18945
z

m -13.99414,-2.89644
c -1.40114,-1.02786 -0.70657,-0.52129 -2.10937,-1.54687
l -3.44922,-5e-5
c -0.35099,0.8601 -0.98855,2.42521 -1.33985,3.2852 -0.67671,-0.31609 -1.81319,-0.8428 -2.49023,-1.1582 -1.05349,1.36568 -0.28723,0.36998 -1.33984,1.73633 1.03217,1.69497 1.73005,2.53247 2.67968,4.2539 0.10481,2.2542 0.0845,1.79855 0.18946,4.05274 1.23197,-0.74451 4.51831,-2.72965 5.75,-3.47461
v -5.02344
z

m -14.18946,16.4062
c 0.22156,-2.25491 0.15689,-1.60841 0.37891,-3.86328 -1.05044,-0.66085 -2.01739,-1.26776 -3.06836,-1.92773 0.063,-3.99516 0.1282,-8.16698 0.1914,-12.16211 -1.68405,-1.33839 -0.99361,-0.79115 -2.67969,-2.12696 -0.93699,1.26092 -1.93467,2.6039 -2.87109,3.86524 -1.59092,-1.37477 -6.45206,-5.5764 -8.04297,-6.95117
l -7.27929,1.92773 -4.21875,3.67383 0.38085,4.05469 7.66602,2.3164 -1.73047,3.86524 -5.55664,-3.47657 -1.53125,2.89453 3.64063,2.50782 -0.18946,4.05468 5.55664,1.54688 6.70703,-0.38867 1.1504,-2.12696 4.97656,5.59961 3.45117,-1.15625 0.57812,-3.86328
z

m -16.28126,-35.91605
v 1.92773
c 2.07013,0.78165 5.59605,2.11435 7.66601,2.89648 -0.86426,0.96387 -0.86426,0.96387 -1.72851,1.92774 0.33549,0.73358 0.81267,1.77436 1.14844,2.50781
l 4.79101,-2.12695
h 4.02735
c 0.88795,1.42566 1.03326,1.6595 1.91992,3.08594 1.93785,-1.95473 1.31887,-1.33152 3.25782,-3.28516 -0.52391,-2.10693 -0.24558,-0.98881 -0.76953,-3.0957 -0.78011,0.28262 -1.90019,0.68449 -2.6797,0.96875 0,-0.71384 -0.19043,-2.64549 -0.38086,-3.86329 0.59895,-1.03533 0.66992,-1.1582 1.33985,-2.3164
h -1.33985
l -3.0664,2.11914 0.57812,2.70703 -1.5293,1.15625 -2.29882,-0.18945 -0.58008,-3.47657 -4.41797,-3.45117
z

m 16.85547,-4.83204
c 1.13146,-0.65345 1.54871,-0.89261 2.6797,-1.54687 -0.14225,-0.86004 -0.0515,-0.2978 -0.19142,-1.1582
l -5.54883,-0.95899 -0.58008,1.92578
z

m 3.06837,-6.36914
c -1.76214,-0.27837 -1.50512,-0.38748 -3.25978,-0.58007 -1.53452,0.55364 -1.14481,0.41615 -2.67969,0.96875
l 0.18946,1.3496 5.94141,-0.39062
z

m -11.68556,3.29301
c -1.52216,-0.42721 -2.91783,-0.671 -4.41016,-1.1582 -0.90492,-0.70759 -0.82296,-0.64287 -1.72851,-1.34965 -0.99414,0.99792 -1.30821,1.31693 -2.30078,2.31641 -2.67231,0.0695 -5.47474,0.13652 -6.89649,0.18168 -0.67896,1.20051 -0.85188,1.50565 -1.52929,2.70703 3.16779,1.14568 4.30901,1.55879 7.47656,2.70508
l 2.67969,-4.05469 1.15039,2.70703
h 1.91992
z

m -8.24804,17.94137
c -2.34431,-2.55701 -2.25503,-2.46279 -4.59962,-5.01953 -0.47284,0.35703 -1.43663,1.01639 -2.30078,1.73633
l -1.72656,-0.58008
c -0.38077,-0.84709 -0.48047,-1.0625 -0.96094,-2.125 -0.75661,-0.763 -1.35104,-1.36176 -2.10741,-2.125 -2.41282,0.21649 -1.98768,0.18079 -4.40039,0.39843 0.0823,1.50589 0.10696,1.96873 0.18945,3.47461 -2.36053,2.44726 -4.53742,4.69974 -6.89648,7.14844 0.69672,2.33555 1.03217,3.4534 1.72851,5.78906 2.02392,-0.49621 2.48926,-0.67383 4.97852,-1.34765
l 2.87891,-4.25391 7.27734,-2.70508
z

m 50.50016,413.76139
c 2.76254,0.2912 3.60662,0.3803 6.36914,0.6718
l 0.11329,-5.4023
c -0.6646,-0.90414 -1.79116,-2.08583 -2.79297,-3.3789
z

m -0.33789,-6.3125
c 0.7841,-0.86784 1.99138,-2.19857 2.77549,-3.0664 0.3417,-0.752 0.3417,-0.752 0.3417,-0.752 -0.40113,-0.8302 -1.61254,-3.33583 -2.01367,-4.166 1.11775,-1.8184 2.76272,-4.117 3.80469,-5.9746 0.91507,-2.25658 1.32077,-3.25921 2.23632,-5.5156 -1.40653,-1.14975 -2.73139,-2.23017 -4.13867,-3.379 1.03908,-3.31624 2.31503,-7.38468 3.35352,-10.7011 -0.32662,-1.15701 -1.01215,-3.5719 -1.33985,-4.7286 1.80193,-0.61841 3.79035,-1.30005 5.5918,-1.9199 -0.29395,-1.64935 -0.70788,-3.97756 -1.00195,-5.6269 0.83524,-0.008 2.37712,0.10844 3.57812,0 1.09226,-0.51557 1.9966,-0.82155 3.12891,-1.3496 1.69361,-2.95914 2.43763,-4.25275 4.13281,-7.211 -0.77076,-0.93758 -4.14674,-5.03542 -4.91797,-5.9726 0.32685,-0.3147 0.30024,-0.29365 0.70117,-0.3867 1.41655,0.29757 5.27626,1.63733 5.56641,1.6152 2.42882,-2.43454 4.65129,-4.66313 7.08008,-7.0977 1.2462,-2.25898 0,0 0.39086,-0.6135 1.49747,-2.88206 3.90469,-7.50572 5.40039,-10.3887 0.0644,-2.70276 0.13658,-6.0257 0.19922,-8.7285 2.8891,-1.86354 7.19098,-4.63846 10.08008,-6.502
h 5.64453
c 1.74791,-2.96353 2.68302,-4.55164 4.43361,-7.5136 0.28249,-5.12148 0.51754,-9.29677 0.80468,-14.418 -0.46862,-0.988 -1.34812,-2.86441 -1.81445,-3.8535 3.39419,-3.09735 7.28889,-6.65318 10.68359,-9.75 0.16055,-4.28725 0.24332,-6.47646 0.4043,-10.7637 -5.30745,-2.58157 -9.19119,-4.55939 -14.51368,-7.1035 -5.92617,-1.83869 -11.59865,-3.67439 -17.53125,-5.4805 -1.8396,-0.17992 -6.42411,-0.63207 -8.26367,-0.8125 0.38822,-0.89651 1.9209,-3.7577 2.22265,-4.6699 -0.25165,-2.94479 -0.35391,-4.15853 -0.60351,-7.1035
l -2.55887,-0.9358 -5.05661,-3.1543 -0.79687,-0.5683 -2.49024,-0.0781 -2.72851,1.6933 -2.50778,-2.0257 -6.24024,-5.6523 -3.61526,-2.1826 -3.93164,-4.8496
c -1.72815,0.33076 -4.0476,0.95816 -5.77344,1.2109 -1.88275,-0.51314 -4.93756,-1.34628 -6.82031,-1.8594 -1.3271,-1.55546 -1.63648,-1.92022 -2.96485,-3.4746 -0.24146,0.2499 -1.48242,1.5342 -2.96484,3.0684 -0.31934,2.0615 -0.63867,3.40916 -0.63867,4.123
l -2.81055,-0.8906 -0.41606,-3.5898 2.86147,-3.959
c -0.8917,-0.0899 -0.8917,-0.0899 -1.77939,-0.1797 -3.67904,3.03319 -8.0944,6.6738 -11.77345,9.707
l -0.85747,-0.0772
c -1.66943,-0.63165 -3.87332,-1.63747 -5.41206,-2.54293 -2.33203,1.5898 -2.33203,1.5898 -5.10547,2.9902 -0.95195,-0.40673 -3.38051,-1.37882 -4.31445,-1.7521 -0.61601,-0.69628 -1.75133,-2.83363 -2.17774,-3.6485 0.71303,-2.10446 1.60762,-4.74982 2.26367,-6.8633 -0.0122,-0.75087 -0.0487,-3.13203 -0.0605,-3.8829
l -0.34356,-0.74407
c -0.93283,-1.10829 -1.43512,-1.70933 -2.36937,-2.81641 -1.37632,0.053 -6.17922,0.23778 -7.98829,0.30273 -0.4259,-0.10476 -0.42015,-0.0913 -0.65625,-0.30473 -0.44043,-0.66596 -0.88085,-1.33203 -1.24612,-2.05469 2.12739,-4.06975 4.83794,-8.9298 7.10554,-12.92229 -1.3708,-1.24167 -0.79171,-0.71667 -2.16016,-1.96092 -3.49839,0.81484 -4.92881,1.14837 -8.42773,1.96094 -0.63837,1.85977 -1.30663,3.80246 -1.94531,5.66211 -1.10493,0.15781 -3.87575,0.80911 -4.97071,0.875 -1.44204,-0.59232 -4.39194,-1.80416 -5.83398,-2.39648 -0.7192,-2.29259 -1.87455,-5.97696 -2.59375,-8.26954 0.61082,-3.14413 1.30038,-7.30824 1.95898,-10.43554 1.0721,-1.94224 2.34096,-4.43073 3.46872,-6.32427 2.60907,-1.89528 6.64876,-4.82931 9.25782,-6.72461 1.7909,0.8104 4.21667,2.06452 6.02343,2.81641 2.47826,0.20687 2.69364,0.22642 5.17188,0.43359 0.0745,-1.12093 0.14201,-2.12896 0.21484,-3.25 2.65477,0.0532 10.76172,0.2168 10.76172,0.2168
l 2.15234,2.38474
c 0.45451,0.61483 0.34982,1.12757 0.21582,1.99612 0.0648,1.21043 0.22932,2.22611 0.21583,3.4238 -0.44462,1.0456 -0.84598,1.98974 -1.29102,3.03516 0.70391,2.43631 0.80074,2.76715 1.50586,5.20313
h 3.23242
l 3.23242,-4.98628
c -0.60249,-1.19406 -0.64453,-1.19238 -1.28906,-2.38477 -0.22758,-1.07315 -1.15205,-4.13548 -1.28711,-5.20508 0.55519,-1.56951 1.30632,-4.33943 1.93555,-5.85937 2.65878,-2.28649 6.1674,-5.30335 8.82618,-7.58985 2.63076,-0.76983 4.04322,-1.18276 6.67383,-1.95312 -0.32559,-2.34679 -0.54205,-3.94585 -0.86524,-6.29297 2.70865,-2.92026 6.54917,-7.06216 9.25782,-9.98242 3.59077,-0.58865 5.66659,-0.93363 9.25781,-1.51953 -0.56287,-1.94548 -0.94033,-3.24809 -1.50391,-5.19336 2.19716,-1.26442 6.8458,-3.94065 9.04297,-5.20508
l 1.10726,-0.43164 5.16992,-1.73633 -4.30468,4.33789 0.86328,2.60156
h 3.01562
c 0.79765,-1.16907 1.57337,-2.3056 2.3711,-3.4746 1.83433,-0.0727 3.5504,-0.14271 5.38476,-0.21485 1.63713,-3.04321 1.1637,-2.15988 2.80078,-5.20312
h -1.7207
c -0.53038,0.71992 -0.64746,0.97656 -1.29492,1.95312 -0.84483,0.10384 -1.29199,0.32324 -2.58399,0.64649 -0.73288,-0.50839 -1.60364,-1.08297 -2.58398,-1.73633 -0.13287,-1.34595 -0.10841,-2.88377 -0.2168,-4.33985 0.46256,-1.46816 1.04348,-3.3007 1.50391,-4.76953
l -1.08008,-1.30468 -10.12305,2.16015 7.53907,-5.85937 4.30273,0.21679
c 1.60455,0.34795 2.95581,0.65769 4.30672,0.96996 1.35091,0.31226 2.70146,0.62706 4.30461,0.98512 1.48728,-1.57585 2.60007,-2.76265 4.08594,-4.33984
l 8.60937,-2.16992
c -0.10788,-2.35094 -0.10651,-2.42058 -0.21484,-4.77149 -2.60081,-3.12989 -5.15247,-6.19681 -7.75391,-9.32617 -0.91841,-5.97163 -1.45132,-9.43061 -2.36914,-15.40234 -3.31674,2.23107 -5.07571,3.41362 -8.39258,5.64453 -0.53504,-0.29495 -3.96456,-1.24302 -3.44922,-1.95508 0.51493,-1.67306 1.42469,-4.61535 1.9375,-6.28906 -1.55408,-2.16729 -2.96582,-4.12681 -4.52148,-6.29297
l -8.60937,-3.03516 -6.89063,13.45117 -0.43164,7.58789 -2.58398,4.99024 -5.38672,0.21484 -0.42969,8.67969 -3.45117,4.55664 -2.58399,-1.73633 0.2168,-2.81836 2.15039,-9.97461 -9.90625,-4.33984 -6.2422,-6.29297 -1.7207,-4.33789 -4.51953,-1.73828 0.86523,-2.81641 6.67188,-8.89648 7.53907,-5.85938 6.67188,-1.52148 2.15039,-3.47461 -0.86133,-2.81836 8.17773,-1.73828 4.51953,2.16992 4.73633,-2.60156 1.9375,-8.89453 -4.73828,-4.98633 -5.60352,8.67969 -3.87304,-0.86524 3.01758,-5.20508 -2.15235,-1.30468 -3.65625,3.25 -0.43164,-15.1875 -2.36914,-1.73828 -5.16992,2.60351 -0.64649,2.81641 2.1504,3.47656 -0.21485,4.55664 -3.875,3.47461 -1.93555,3.0293 -0.43164,-3.03321 3.44727,-6.07617 -1.28711,-3.47656 -3.87305,2.38672
c -0.0958,1.07666 -0.13297,2.75816 -0.2168,4.125 -0.46806,0.5685 -1.07618,1.30175 -2.15236,2.60351 -1.29634,-0.25805 -1.61524,-0.32421 -3.23047,-0.64843 -0.98254,-0.46113 -5.47449,-2.57207 -6.45703,-3.03321
l -3.01758,-4.55664 -4.08984,1.08008 -0.64648,6.50977 -2.58594,-0.43164 -0.2168,-4.33985 -9.67383,-1.95312 -1.08007,-1.08008 2.58398,-4.12305
c -0.83314,-0.51367 -3.66041,-2.13482 -4.95117,-3.03515 -1.97837,-2.33496 -5.56068,-6.56151 -7.53906,-8.89649
l -3.01563,-0.21484
v 3.0332
h -3.01758
c -0.19408,-1.61898 -0.66696,-5.53752 -0.86328,-7.15625 -2.37742,0.99874 -2.79227,1.17172 -5.16992,2.16992 -2.16755,-0.21669 -5.16997,-0.36952 -7.32031,-0.64648 -1.1629,-0.587 -1.42376,-0.71824 -2.58594,-1.30668 -1.07648,1.15775 -1.94024,2.09123 -3.01563,3.25 -0.66207,-0.16552 -3.64458,-0.91455 -4.30664,-1.08008 -0.37247,-1.18461 -0.43164,-2.45111 -0.86328,-3.47461 -0.36441,-0.72578 -0.86035,-1.30074 -1.71874,-2.60938
l -0.61519,-0.6954
c -7.94785,-6.22055 -15.94604,-12.47504 -23.89263,-18.69721 -9.63045,1.86404 -17.03525,3.2976 -26.666,5.16015
l -1.062493,8.16992 5.755853,3.43946 -2.13476,5.59375 -7.667923,-6.22466
c -3.84022,0.90982 -3.411585,0.81153 -7.25195,1.7207 0.685834,3.74724 0.81037,4.42266 1.49609,8.16992 0.941304,0.25744 5.26478,1.46584 7.88867,2.15039 0.211915,0.86035 0.211915,0.86035 0.42383,1.72071 -2.87866,0.89786 -8.850168,2.75739 -11.72852,3.65625 -2.462351,4.07997 -4.150516,6.88122 -6.61328,10.96093 0.885359,4.37864 1.456036,7.22928 2.34375,11.60743 1.493495,1.00551 2.343171,1.57248 3.83789,2.57617
l 2.99024,-2.79297 0.85742,1.72266 -3.63086,4.29492 -14.08398,6.45117
c -3.359792,0.80634 -5.6034,1.34283 -8.9629,2.15039
l -0.21679,3.22461
c 9.974321,-2.88201 19.211847,-5.65364 29.22851,-8.38672 2.72415,-3.31143 5.13189,-6.39828 7.89063,-9.67187 0.342853,-0.16505 9.391643,-6.6717 8.748033,-5.80079 -0.42715,0.71789 -4.05134,6.80165 -4.4785,7.51954 2.81648,0.37121 2.09403,0.27437 4.91014,0.64843 2.21414,-0.97212 6.11015,-2.68395 8.32422,-3.65625 0.40631,1.63246 1.08915,4.38527 1.49609,6.01758 2.13048,0.47563 3.62553,0.81072 5.75586,1.28711 1.6766,1.62792 4.298,4.17286 5.97461,5.80078 0.0442,0.93524 0.49754,3.39702 0.42187,4.29688 -0.23127,0.48659 -0.42774,0.53613 -0.85547,1.07226 0.54122,2.07887 0.52195,2.00155 1.06446,4.08008
h 1.49609
c 0.10742,-3.44141 0.10742,-3.44141 0.21485,-6.88281
h 1.70312
l 0.2773,17.92001 0.4336,3.47461 2.15039,2.16992 0.43359,2.16992 -0.86523,3.90625
v 4.33985
l 5.60351,5.20508 0.82633,4.23147 -0.86523,4.18845 -3.01758,-1.95313
h -1.5039
c -0.42551,1.61269 -0.43262,1.84473 -0.86524,3.68946 -3.50432,7.8526 -7.04759,15.79816 -10.55273,23.65039 1.00215,7.38219 1.79437,13.22358 2.79883,20.60546 1.1385,0.57573 2.31196,1.16395 3.45117,1.73829 0.13696,1.19497 0.50951,4.44956 0.64648,5.64453 0.0335,0.66081 0.0335,0.64976 0.16605,1.14263 1.02649,3.23083 3.14927,9.91565 4.17578,13.14648 -0.54681,0.30639 -1.39805,0.78424 -1.94531,1.08984 0.13127,1.58571 0.0809,1.02389 0.21484,2.60938 1.19294,0.92091 2.47957,1.90698 3.67383,2.82617
v 5.23047
c 3.1232,2.99575 1.41611,1.35946 4.53906,4.35547 -0.87221,-5.75411 -1.07369,-7.09347 -1.94531,-12.84766
l -2.59375,-8.49805 0.64844,-5.87695 2.16015,0.2168 0.86524,1.96289 -0.86328,5.00391
c 2.41722,4.73056 8.8191,17.25966 11.23632,21.99023
v 7.83984
c 3.27049,3.84349 5.80603,6.82586 9.07813,10.66797 3.75082,1.72448 6.18944,2.84604 9.93945,4.57227 1.26274,-0.73868 2.84235,-1.65848 4.10547,-2.39649 1.5007,1.23198 4.33525,3.55712 5.83594,4.78908 0.25016,0.45947 0.0777,0.0656 0.48433,0.4457 2.02839,1.48577 3.088,2.26566 5.125,3.752
l 0.72657,0.3549 4.0625,2.0215 2.33398,1.3169 1.46094,3.74231
v 2.4805
c 1.73728,1.54105 5.45736,4.4425 7.2519,5.9123
l 6.75195,1.5918 0.43946,-3.0528 2.77539,-1.4003 2.46289,1.2714 0.96875,1.5469 0.10356,0.7256
c 0.16551,2.07519 0.62772,5.48134 0.71485,7.545 -1.22722,3.01151 -2.8763,7.0588 -4.10352,10.0703
l -0.54492,0.4427
c -1.62336,1.00869 -2.46449,1.53046 -4.08789,2.5391 -0.14329,1.43868 -0.0697,2.36038 -0.29297,3.7715 -0.46714,0.70038 -0.35481,0.53292 -0.82031,1.2344 0.75944,0.72824 1.81625,1.74282 2.57422,2.4726 -0.88803,0.89696 -2.62924,2.59758 -3.51762,3.4942 0.0891,1.36834 -0.0485,1.35713 0.11328,2.705 5.00553,9.12654 9.63681,17.56698 14.64258,26.6934 2.51482,1.62237 12.54009,8.15763 15.20509,9.8027
l 0.39652,0.7289
c 0.95354,21.61339 1.88993,42.86323 2.84375,64.4766
l 4.35742,2.4804
c -0.061,1.33972 -0.50344,11.04708 -0.56445,12.3868 -0.85252,0.2399 -1.93717,0.54496 -2.78906,0.7871 -0.32205,1.52312 -0.13129,0.62092 -0.45118,2.1445 1.19657,0.83879 0.88154,0.81613 2.125,1.5723 0.46431,0.3136 1.34082,0.5615 2.68165,1.123 -0.0559,0.7115 0.11132,1.91505 0.22265,3.8301 -0.77868,1.00839 -1.57225,2.0336 -2.34961,3.043 1.25543,2.18737 3.00743,5.02443 4.53027,7.04295 1.47054,2.11897 1.38262,1.98998 2.85254,4.10935 1.8909,1.07149 3.47637,1.97138 5.36719,3.043
z

m 12.52524,-341.59924
c 3.44568,2.2386 5.17878,3.36383 8.625,5.60156 2.63436,-3.34407 3.30039,-4.1874 5.9375,-7.5293 -1.64104,-2.67221 -3.3376,-5.43513 -4.97851,-8.10742 0.36019,-0.002 2.5524,-3.65731 2.8789,-3.2832 0.98968,1.66148 3.03607,5.09921 4.02735,6.75976 3.39325,-2.97112 3.88534,-3.40274 7.27929,-6.37304 -0.89855,-1.94263 -0.44266,-0.95323 -1.33984,-2.89649 -1.60674,0.49835 -3.37405,1.04948 -4.98047,1.54883 -0.81981,-2.25169 -2.62745,-7.2151 -3.44726,-9.4668 1.1781,-1.95441 2.08043,-3.44749 3.25781,-5.40234 -2.89882,-3.09476 -3.61759,-3.85362 -6.51758,-6.94727 -1.02993,0.70749 -2.61149,1.79723 -3.64062,2.50586 -0.70881,-1.54872 -2.73846,-5.98056 -3.44727,-7.52929
l -7.27734,0.96875 -1.91993,-9.07617 -5.9375,4.05468 -0.58007,5.01953
h -3.25782
l 0.38086,-4.4414 4.57227,-6.75781 -4.21875,-0.38868 -4.97852,1.92578 -2.67968,3.66602 0.76953,10.04297 8.23828,0.39062 7.85547,3.86329 5.56054,6.37109 4.2168,-0.19141 -1.15039,5.98242 -3.83008,6.3711 -4.21679,1.92578 -3.06836,-0.57813 -1.53125,-1.34765 -2.29688,3.08594 0.95899,3.08593 3.25781,0.18946 4.02929,-1.92969
z

m -16.49609,-8.26953 -8.45117,-8.2793
c -1.82813,2.29981 -1.82813,2.29981 -3.65625,4.59961 -0.17592,3.47539 -0.22462,4.35061 -0.22461,5.06445
l 3.19531,-1.83984
h 3.88086
l 2.74023,2.53125
z

m 20.89648,-35.16211
c -2.78201,-2.93582 -1.24792,-1.31551 -4.02929,-4.25196 -0.92486,-0.0846 -1.18442,-0.10773 -2.10938,-0.1914
l -1.52929,1.54687 1.33984,2.125
z

m -5.17773,-19.1309
c 1.06138,0.74951 2.76947,1.95444 3.83008,2.70508 2.40347,-1.33833 1.42494,-0.7916 3.83008,-2.12696 -0.28054,-0.39186 -2.00599,-1.95912 -2.68164,-2.70508 1.02748,0.0509 2.49538,0.0794 3.44921,0 0.71006,-0.71305 1.34715,-1.70202 2.10937,-2.3164 2.02086,-0.30082 3.1569,-0.46856 5.17773,-0.76953
v -1.15821
l -2.8789,-1.92773 0.38086,-2.12695 8.04687,1.34961 11.88477,-4.63282 -4.41016,-1.34961 1.15039,-1.54687
h 9.19727
c 1.14473,-1.15823 0.3834,-0.38785 1.5293,-1.54492 -8.96328,-3.16162 -14.03321,-4.97261 -23.00196,-8.11719 -1.45766,1.0552 -3.33244,2.41991 -4.78906,3.47656 -1.55198,-1.28452 -3.81509,-3.15896 -5.36719,-4.44336 -1.77714,-0.11783 -1.10165,-0.0734 -2.87891,-0.18945 -0.095,0.60954 -0.48666,3.066 -0.58007,3.67578 -0.58321,-0.52604 -3.05616,-2.75835 -3.63868,-3.28516 -2.4226,0.7771 -1.79362,0.57435 -4.21679,1.34961 0.50497,1.39273 0.26559,0.73387 0.76953,2.12696
l 6.32617,1.34961 -0.37891,3.08593 3.44922,2.125 8.43946,-2.125 0.18945,2.89649 -6.89844,3.28515 -4.21875,-3.28515 -3.82812,0.39062 3.82812,5.41016 -1.91992,0.96875 -2.87695,-2.50977 -2.10938,1.34961 1.91992,3.66602
h 3.25977
l -0.76953,3.47461 -2.67969,-0.39063 -3.45117,-3.67187 -2.2832,0.40039
v 1.73437
c 0.13891,0.23237 -4.35765,0.73637 -4.21875,0.96875 0.54191,0.82896 0.53883,1.1797 1.15039,1.92774 1.92367,0.73567 2.84324,1.27906 4.78906,1.92578 0.66091,0.0712 4.70826,0.50861 5.36915,0.58008

M 280.33,395.727
c 0.60542,1.37255 0.30976,0.70009 0.91602,2.07226 4.50681,1.66525 6.67931,2.47378 11.18554,4.14063 0.93971,-1.61726 0.66386,-1.1394 1.60156,-2.75782 -0.47649,-2.38123 -0.44425,-2.21781 -0.91796,-4.59961 -1.48312,0.18678 -2.17305,0.27294 -3.65625,0.45899 -0.71101,-0.69216 -1.02832,-1.14941 -2.05664,-2.29883 0.65993,-0.66491 2.76376,-2.7864 3.42382,-3.45117 -0.65148,-1.1071 -0.70853,-1.20505 -1.35937,-2.3125
z

m -51.35742,80.19774
c -1.98419,-1.13264 -11.35576,-6.60126 -13.36134,-7.66797 -1.59085,-0.14006 -2.34175,-0.35222 -3.92383,-0.42188 -2.47755,0.86336 -3.30493,1.1504 -5.7832,2.01172
v 1.10161
c 2.36722,0.0445 2.23235,0.0432 4.59961,0.0859
l 2.16797,-1.26368 0.33789,0.92579 4.50976,1.09765 4.01172,3.6211 -0.83398,1.2676 0.082,1.43161 3.3457,0.83985 3.34376,-1.51563
z

m -10.44728,5.63476 4e-5,0.83984
c 1.10893,0.59776 0.62578,0.49559 1.75586,1.01172
h 1.83985
c 1.06204,-1.22908 0.10401,-0.12216 1.16796,-1.34961
l -1.7559,-1.26172
z

m 10.12505,0.14062
c 0.31067,1.64064 0.0672,0.3576 0.37891,1.99805 1.25019,0.0889 -0.18759,-0.0143 1.0625,0.0762 0.30664,-0.46191 0.30664,-0.46191 0.61328,-0.92383 0.72268,0.0615 2.96365,0.15636 3.46484,0.18946 0.5166,-0.0196 0.5166,-0.0196 0.80469,-0.043
l 0.76168,1.4609 0.99414,-1.15039 2.89453,-0.76953 2.51563,0.53711 0.29492,-1.54101 -4.57422,-2.99024 -3.04102,-1.0722 -2.97461,-0.31058 -1.44335,1.4707 1.67773,0.69141 0.22461,2.07226
z

m 18.36524,-0.40036
c -0.917,0.5752 -0.917,0.5752 -1.83399,1.15039 0.45898,0.53516 0.45898,0.53516 0.91797,1.07031
l 3.11914,0.45704 0.0781,-1.90821
z

m 17.95503,211.21591
c 1.12835,-0.13333 2.70167,-0.12416 3.80274,-0.3359 2.5255,-1.67105 0.7163,-0.47413 3.24219,-2.1446 -3.24362,-0.66541 -2.23706,-0.45854 -5.48047,-1.125 -0.93438,-0.59586 -0.89453,-0.67285 -1.78906,-1.3457
z

M 292.5817,282.39879
c -0.33266,0.47981 -0.71627,1.26374 -1.16983,1.877 0.73267,0.7314 1.38649,1.38577 2.11914,2.11719 -0.28867,0.64786 -0.65441,1.47139 -0.94336,2.11914 1.53975,2.00934 1.51917,1.98408 3.06055,3.99219 1.72958,-0.49911 2.00928,-0.77991 3.75976,-1.17578 1.14375,-0.1075 3.79376,-0.35735 4.9375,-0.46485 1.56405,1.7302 4.13541,4.34543 5.64455,6.10938 1.09381,2.93974 2.66595,7.16574 3.75976,10.10547 -1.44683,3.00854 -1.604,3.33521 -3.05078,6.34375
l 4.22656,-0.70703 2.35547,1.41015 0.22852,3.06055 -5.16602,0.23047
c 1.06858,1.19937 1.74883,1.61985 2.81836,2.81836
l 3.52734,0.70898
c -1.17642,1.56736 -6.57596,8.77167 -7.7539,10.33789 -0.36073,2.42761 -0.58226,3.91816 -0.94336,6.34571 0.52296,1.64272 1.12195,3.52711 1.64453,5.16992 -0.39073,1.01843 -0.78605,2.04173 -1.17578,3.06055 0.81644,2.54378 1.29661,4.03567 2.11719,6.57812 1.67433,1.87299 2.32139,2.59435 3.99414,4.46874 0.87742,-0.1874 2.88764,-0.72552 3.75781,-0.94336 0.1268,0.84647 0.11621,1.88086 0.23242,3.76172 0.7249,1.03838 0.92006,1.31152 1.64258,2.35156 1.86024,-0.14351 1.19042,-0.0926 3.05078,-0.23437 0.86843,-3.20717 1.48505,-5.48816 2.35352,-8.69532 2.1459,-2.64699 4.90685,-6.05028 7.05273,-8.69726 3.51878,-1.40515 7.06101,-2.82213 10.58008,-4.22656 1.97009,-2.46684 4.60898,-5.76442 6.58008,-8.23047 0.94389,0.34905 1.52441,0.70507 3.04883,1.41015
h 6.34375
c 1.85488,-1.81834 3.27851,-3.40663 5.16992,-5.16992 2.29546,-0.93474 4.05307,-1.64514 6.34765,-2.58203 0.36157,-2.05601 0.34371,-1.93845 0.70703,-3.99414
l -3.99218,-3.52734 -3.52735,-1.17578 -1.88281,-4.93555 4.46875,-2.58399 7.05469,3.75978
c 1.66627,-1.83038 0.6847,-0.75414 2.35156,-2.58398 -1.32185,-0.74269 -2.43865,-1.37319 -3.75976,-2.11719 2.40761,-3.25573 5.58574,-7.55735 7.99414,-10.8125 -0.6964,-2.32591 -0.71336,-2.37734 -1.41016,-4.70313 -0.84967,-0.0524 -2.91013,-0.17956 -3.75977,-0.23242 0.7041,-2.11328 0.7041,-2.11328 1.40821,-4.22656 1.17726,-0.58986 3.60425,-1.40666 4.70312,-2.11914 3.71386,-3.26129 5.92489,-5.19538 9.63672,-8.45899 -1.619,-1.75564 -1.19788,-1.29863 -2.81641,-3.05468 -3.8574,0.33727 -6.95692,0.60363 -10.81445,0.93945
l -5.64453,5.64844 3.29492,-7.28907 -3.76172,-0.9414 -2.11718,3.75976 -3.05079,-2.58398 -8.46484,0.93945 2.35352,-3.75976 13.86523,-0.4668
c -1.93217,-2.57605 -1.59367,-2.12625 -3.52734,-4.70117 -5.36366,-1.00701 -9.677,-1.81135 -15.04102,-2.81641 -2.75065,0.42514 -3.35839,0.51846 -6.10937,0.94141 0.0479,0.63352 0.18551,2.42695 0.23242,3.06054 -0.65105,-0.21744 -5.6927,-1.89974 -6.34375,-2.11718 0.11893,-1.0826 0.11226,-1.03646 0.23047,-2.11914 -2.73013,0.57483 -1.73876,0.36596 -4.46875,0.9414 -0.54054,1.3533 -0.40049,1.00117 -0.94336,2.35352
l 4.70312,1.64258 -4.93554,3.52734 -3.52735,-3.99414
c -1.89322,-0.54017 -3.04241,-0.8677 -4.93554,-1.40821 -0.26847,1.42414 -0.44,2.33569 -0.70899,3.75976
h -4.9375
c -0.59782,-1.26703 -1.2872,-2.727 -1.88476,-3.99414 -3.13614,-0.47264 -4.6182,-0.70033 -7.75391,-1.17578 -1.78447,0.89289 -2.44663,1.22303 -4.23047,2.1172
l -0.23047,2.81836 -5.40235,-0.71094 -3.29492,1.41016
c 0.0747,1.04437 0.15972,3.8931 0.23437,4.9375 -1.22353,0.23562 -4.88583,0.94015 -6.10937,1.17578 -0.95287,-0.63416 -1.86762,-1.24256 -2.82032,-1.87696
l -1.88476,3.05079 2.82031,3.06054 5.87695,-0.70898 0.4668,1.88476 -4.4707,2.11914
z

m -25.57412,2.01767
c -1.06648,0.23126 -3.33223,1.04338 -4.4082,1.1582 -1.61366,-0.15275 -4.51328,-0.42731 -6.12695,-0.58008 -0.40461,-0.47341 -1.99963,-1.79279 -2.30078,-2.31445 -0.14043,-1.54289 -0.43769,-4.8282 -0.57813,-6.37109
l -3.83008,-1.92969 -2.30664,-2.10742 -2.30078,0.76953 0.38086,3.08594 3.83008,2.50781 0.18945,1.92578 -1.14844,1.16016 0.58008,3.86328 18.78321,6.17187
c 2.16206,-1.86976 1.86289,-1.60763 4.02734,-3.47461 -1.76028,-1.42171 -3.02985,-2.44462 -4.79102,-3.86523

m 234.03322,21.53125
c 0.0469,1.21146 0.10348,2.68699 0.15039,3.89844 -0.87222,0.24467 -1.81111,0.50827 -2.6836,0.75195 0.0406,1.29266 -0.14,0.39066 0,1.65039 0.89672,1.20576 0.89212,1.19674 1.78907,2.40234 1.46249,0.047 2.85206,0.0972 4.31445,0.14649 0.65178,0.75742 1.2844,1.49009 1.93555,2.24805
h 2.08398
c 0.78639,-1.58458 0.40754,-0.81748 1.19335,-2.40235 -1.34163,-1.4542 -2.15075,-2.10217 -3.42383,-3.5957 -0.28678,-0.99363 -0.72328,-3.48183 -1.34179,-4.65039
z

m 6.98242,-0.89063
c 0.22851,-0.54404 2.35354,-8.68493 2.67969,-9.14648 1.45383,-0.82314 3.24948,-1.43848 4.61327,-2.40234 1.18391,-0.87396 2.64588,-2.19983 3.87305,-3 0.96366,-0.33379 1.75762,-1.37124 2.82421,-1.19922
h 1.48633
v -4.04688
c -2.23745,-0.83072 -1.0245,-0.37956 -3.26171,-1.21094 -0.22559,1.0498 -0.22559,1.0498 -0.45117,2.09961
l -3.42383,3
c -0.53506,0.46883 -6.57227,1.27666 -7.29297,1.65235
l -2.97949,4.94824 -2.97949,4.94824 -1.04492,2.85352
z

M 366.82793,341.4106
c -0.43261,-0.6604 -0.12253,-0.1728 -0.57032,-0.88867 -0.32907,-0.20897 -1.29792,-0.78126 -1.68948,-0.95899
l -2.2832,1.44336
c -1.13176,0.96323 -0.84704,0.79091 -1.96094,1.81446 -0.0607,0.63826 0.005,0.32088 0.0508,1.01171
l 2.54102,0.32032
c -0.0682,0.57113 -0.15435,1.3753 -0.15625,1.8125 -0.5707,0.61216 -0.44825,0.4541 -0.89649,0.9082 0.2215,0.60125 -0.005,-0.0131 0.2168,0.58789 0.65298,0.0423 1.88606,0.12208 2.53906,0.16406
v 2.93946
c 1.67691,0.31563 1.99852,0.26972 3.65625,0.63867 0.80598,0.39092 1.3213,0.98887 2.16992,1.23047 1.10072,0.0117 1.35409,0.17314 2.4375,0.10351 1.66478,-0.85986 2.56964,-1.16271 4.18555,-2.08203 1.28003,-1.68876 1.95216,-2.57948 3.23047,-4.26953 0.027,-1.49225 0.0252,-1.39642 0.0527,-2.88867 -1.83892,-1.55146 -1.77065,-1.49644 -3.60546,-3.05274 -0.89507,0.47889 -1.18943,1.08899 -1.85743,1.98047 -0.63477,-0.082 -0.71805,-0.0834 -1.26953,-0.16406
l -1.27344,-1.39258
c -0.50819,0.0345 -0.82031,0.0781 -1.64062,0.15625 -1.19335,0.99024 -1.19335,0.99024 -2.38671,1.98047
l -1.4375,1.54492 -0.79492,-0.68945 -0.0264,-1.57028
z

m 161.50013,77.15061 -0.53516,2.27344
c -1.32129,0.01 -2.41336,0.0171 -3.58789,0
v 3.07812
c 1.15053,0.75761 2.70531,1.78286 3.85547,2.54102 -0.0835,0.28273 -0.97351,2.44216 -1.19336,3.48242
v 1.60742
c -0.43067,0.99584 -0.43067,0.99584 -0.73242,1.2517 -0.91305,-0.0953 -3.77866,-0.12024 -4.66016,-0.30274
l -5.8789,-4.28711
c 0.15514,-0.65557 1.14368,-4.34633 1.29882,-5.00192 1.06971,0.17126 1.46154,0.2349 2.53125,0.40625 -0.12792,-1.52277 0.0219,0.2925 -0.10351,-1.23047 -1.7844,-1.58828 -3.03556,-2.56803 -4.69158,-4.23635 -0.92223,-0.87161 -2.55239,-2.41159 -3.47461,-3.2832
v -4.1582
c -0.65816,-0.19998 -1.51156,-0.45887 -2.16991,-0.65821 0.21582,-1.75 0.32518,-2.08884 0.43164,-3.5 0.80275,-0.91229 2.62741,-3.30657 3.47656,-4.15625 1.17041,-0.44099 2.83657,-1.1532 4.14479,-1.7363 1.97949,-0.0693 2.39084,-0.086 3.95899,-0.13867
l 0.27539,6.05078
h -2.31641
c -0.33786,0.60087 -1.28512,2.2938 -1.77148,2.88868 1.1582,1.92285 1.1582,1.92285 2.31641,3.8457 1.70703,0.96485 1.70703,0.96485 3.41406,1.92969
l 0.30859,2.20507 1.25781,-0.41601 1.15625,-1.375 1.91016,0.41406 0.95898,1.92774
z

m -49.13084,-12.15256
c -0.79981,1.05469 -1.54871,2.04226 -1.59961,2.10937 1.16628,1.81565 0.99673,1.55361 2.16015,3.3711
h 2.29883
c 0.43456,-0.82353 0.75149,-1.42425 1.18555,-2.24805 0.61098,-0.10973 1.61427,-0.31454 2.43945,-0.4961
l 0.0684,-1.82226 -4.53125,-0.70117 0.14063,-1.96289
h 4.39257
l 3.64028,-2.95021 1.12121,1.5576 -3.25976,3.50195 -0.86328,3.2832
c 0.47741,0.62477 1.45841,2.1257 1.95312,2.84571 1.06391,0.36856 5.03253,1.72778 6.30078,2.18554
l 0.50213,0.51565
c 0.68219,0.88925 2.11668,2.74645 2.79886,3.6357 0,0.71384 0.0253,0.0537 0,0.71384 -0.53364,0.47424 -1.61065,1.70271 -1.93164,2.03906 -1.51005,-0.077 -5.59949,-0.0494 -7.08593,-0.20703 -1.42147,-0.85285 -2.83321,-1.69669 -4.25395,-2.55074 -1.74855,0.18643 -2.35647,0.11033 -4.08203,0.36719 -1.41429,0.84858 -3.12911,1.88116 -4.54297,2.73047 -0.9765,-0.19168 -1.61914,-0.20898 -3.23828,-0.41797 -0.61618,-0.41388 -3.13182,-1.85241 -3.57222,-2.4395 -0.0785,-0.71316 -0.52842,-2.04687 -0.82236,-3.42187 0.97837,-1.32801 0.54492,-1.46875 1.08799,-1.95301 0.78234,-0.80658 2.14444,-2.12887 2.82031,-3.20703
l -0.54492,-1.60742 3.64841,-4.48832 1.95507,0.35547
z

m -38.52929,25.49014
c -0.53412,-0.27972 -0.62599,-0.33689 -1.25198,-0.67378 -2.05957,0.32441 -2.21987,0.34843 -4.2793,0.67383 0,0.71384 0.0732,0.5791 0.14644,1.1582 1.40438,0.79099 3.84766,1.9375 3.84766,1.9375
l 0.58012,0.62891 1.00976,0.14844
z

m 161.75969,77.78208
c 0.30412,1.8279 0.33542,2.01999 0.64062,3.8477 1.24179,0.69632 0.66657,0.37369 1.9082,1.0703 1.73078,-0.99711 1.23602,-0.71389 2.9668,-1.711 -0.34026,-1.73774 -0.56545,-2.31507 -0.84765,-4.0546 0.10033,-0.69226 0.11507,-0.80217 0.21679,-1.4942 -1.50572,-1.39492 -1.25218,-1.16334 -2.75582,-2.5605 -0.64551,0.3115 -0.64551,0.3115 -1.29301,0.623 0.10937,1.1748 0.45084,4.5243 0.43555,4.0625
z

m -174.01558,-89.89922 -0.37109,-1.76364
c -0.84375,0.84668 -0.84375,0.84668 -1.76465,1.75003 -0.0772,0.77051 -0.0772,0.77051 -0.0772,1.48435 0.68657,0.42285 0.68657,0.42285 1.37305,0.8457
l 0.53716,-0.0762
z

m -0.60547,3.78516
c -1.14551,0.5791 -1.14551,0.5791 -2.29101,1.1582 0.14413,2.11746 0.16019,2.35327 0.30468,4.47071 1.45529,0.24449 0.37867,0.0642 1.83399,0.30859 0.90304,-0.86183 0.47081,-0.4479 1.37305,-1.31055
v -4.23633
z

m 107.35157,76.63266
c 1.1006,-0.37239 2.49023,-1.5059 3.38476,-1.8086 -1.43648,-1.3968 0.29804,0.28916 -1.13867,-1.1074 -1.59075,0.44648 -1.09571,0.3242 -2.19141,0.6484 -1.29347,0.14118 -0.60301,0.0659 -1.89648,0.2071
z

m -162.35352,9.5908
c 0.72288,0.6989 4.16188,4.02178 4.88476,4.7207 0.25789,0.2431 0.26108,0.25831 0.50977,0.5159 0.53356,0.35701 8.95668,5.9887 9.49023,6.3457
l 0.79493,0.1892
c 1.10127,-0.74366 2.56778,-1.94122 3.69726,-2.6172 1.25288,-0.19312 3.34798,-0.67556 4.59961,-0.8047 1.49284,0.32217 3.20061,0.68902 4.69336,1.0117 1.10933,0.2596 1.10933,0.2596 2.50972,0.2066 0.565,-0.36663 3.3021,-1.87468 3.81836,-2.1719 1.55461,-0.87084 2.1315,-1.10931 3.70904,-1.8962 1.58531,0.0265 4.32329,-0.008 5.86322,0.0577 1.30341,1.45328 2.78233,3.10361 4.08594,4.5567 1.09069,0.29955 0.89675,0.2466 1.98828,0.543 0.47206,-0.17139 1.27385,-0.82262 1.55859,-0.7598
l 2.36719,-0.33005 0.65829,0.0724 2.78125,2.5586 -0.3555,6.7046
c -1.08946,2.10668 -1.89257,3.65912 -2.98243,5.7656 2.47873,2.73925 4.5741,4.89922 7.01172,7.666 0.21486,0.7694 0.68642,1.88708 1.08985,2.3279 0.65326,0.73905 0.75195,0.9766 1.5039,1.9532 0.28516,0.34076 0.28516,1.0546 0.28516,1.0546 0.94479,3.59916 2.04885,7.39921 2.94726,11.004 -0.0627,0.78996 0.10321,2.73345 -0.0703,3.4785 -1.39339,1.49805 -2.92101,3.13297 -4.3125,4.6328 -0.35641,4.16533 -0.32324,3.76365 -0.64648,7.5273
l -0.10743,0.7465
c 0.0262,1.0554 0.18893,3.27132 0.41601,4.58 1.68384,2.47875 3.69351,5.43897 5.37695,7.918 -0.23592,1.26843 -0.63744,2.76405 -0.93359,4.0625 0.0264,1.0674 0.0264,1.0674 0.0527,2.1348 1.52606,3.91181 3.0388,7.2197 4.46683,11.1682 0.64821,1.76549 1.42496,4.40815 2.13867,6.1308 0.90094,0.84804 2.91092,2.75218 3.81055,3.6016 -0.76528,0.89249 -1.95741,2.27938 -2.72266,3.1719 0.86855,1.95892 0.89486,2.01968 1.76368,3.9785 1.98215,0.75661 2.09742,0.80127 4.08007,1.5566 1.19254,-1.01434 2.05763,-1.75105 3.25,-2.7656 3.16755,0.0183 6.14299,0.0341 9.31055,0.053 0.33398,-0.41505 0.33398,-0.41505 0.66797,-0.8301 1.15052,-0.24219 3.02803,-0.39982 4.13281,-0.7285 4.96762,-4.94826 9.01109,-8.96758 13.97657,-13.918 -0.024,-2.07385 0.17596,-4.60425 0.15226,-6.6781 1.83047,-1.11312 3.64964,-2.22137 5.48047,-3.3339 0.33959,-2.09294 0.62119,-2.85328 0.88086,-4.9532
v -8.1797
c 2.48343,-2.03166 6.30564,-5.15975 8.78906,-7.1914
l 1.50781,0.055
c 2.15117,-2.06348 3.16972,-3.0433 5.32031,-5.1074 -0.26916,-3.4252 -0.55729,-7.10436 -0.82609,-10.5296
l -0.25195,-0.7169
c -0.75426,-1.52327 -2.71199,-5.0285 -3.39453,-6.5703 -0.0271,-1.80888 -0.2164,-4.49022 -0.18164,-6.2891 0.3229,-1.06709 0.98848,-2.66701 1.65044,-3.5669 1.1583,-1.81904 3.11318,-4.88996 4.27148,-6.709 0.56948,-0.16261 0.53788,-0.16446 0.97456,-0.4303 6.38912,-6.84205 12.46367,-13.35005 18.85352,-20.1914 1.2267,-3.5574 2.30301,-6.35534 3.48242,-9.9219 0.0483,-1.07864 0.0992,-2.27681 0.14648,-3.3555
l -1.33984,-0.8027
c -0.69331,0.25234 -3.93305,1.55528 -4.47656,1.6506 -2.18945,0.75195 -7.36018,2.50467 -8.75781,3.0078
l -1.04493,0.053
c -0.88855,-0.65307 -2.54698,-1.78275 -3.52539,-2.4024
l -0.75395,-0.175 0.0527,-4.2696 -1.25383,-0.7732 -0.58593,-0.4368
c -1.2034,-0.89621 -6.88645,-5.1273 -8.08985,-6.0235 -0.27933,-0.93439 -1.07259,-4.33343 -1.68554,-5.63669 -0.92774,-0.70899 -0.92774,-0.70899 -1.32427,-1.44531 -0.61714,-1.13619 -6.52971,-10.25431 -6.88081,-11.00196
l -1.13081,-0.40255 -0.17383,-4.30664 -8.09961,-10.02539 -1.01172,-3.23242 0.11133,-1.86719 1.52149,0.11133 1.68554,5.49804 1.46094,0.73243
c 0.4248,-0.31055 0.84961,-0.6211 1.30659,-0.58989 1.64024,1.98297 10.31484,12.47015 11.95508,14.45313
v 3.91406
l 1.1914,1.80664 3.28516,1.50586
c 1.05403,0.52549 4.12782,6.8646 4.78906,7.82226 0.14502,0.34375 -1.12907,-1.90205 0.38868,0.67604 0.33292,1.12436 1.0152,2.55556 1.24218,3.69725
v 3.6153
l 2.99024,2.7128
c 4.76613,-1.93992 16.30887,-6.64684 21.07617,-8.5839 0.0296,-0.35734 0.18147,-1.7343 0.19922,-2.35942 0.35369,-0.2345 0.34669,-0.20935 0.55664,-0.3557 1.36243,-0.0454 2.96759,-0.10228 4.33008,-0.14649 3.43038,-5.05387 5.97912,-8.80141 9.41211,-13.85351
v -2.25781
c -2.78146,-1.45184 -4.98873,-2.60936 -7.76953,-4.0625 -0.65235,-1.02539 -0.65235,-1.02539 -1.30469,-2.05079
l 0.26367,-2.91796 -2.68945,0.75195 -2.99024,4.51953 -6.2832,0.29497 -2.59375,-1.67194 -6.67969,-9.47461 0.008,-4.21485 1.23419,-1.09009 2.73047,0.20898 2.12695,1.5293 0.10547,3.06055 8.4082,4.90039
h 3.14063
l 1.92773,-1.63477 2.42969,-0.10351 1.41797,3.26758 9.74014,1.21093
c 1.71191,0 2.56754,-0.004 3.42382,0 0.58789,-0.48437 0.58789,-0.48437 1.17578,-0.96875 1.60159,0.0285 5.49073,3.1e-4 6.51953,0
l 5.87696,5.16993 0.77352,0.18185
c 2.33041,-0.0162 2.33278,-0.0742 3.7793,-0.0683 0.0527,0.80761 0,0.71384 0.0527,1.52145 -1.33497,0.7002 -1.33497,0.7002 -2.66993,1.40039 0.7472,1.41358 0.96025,1.81967 1.70899,3.23242 1.68167,0.5502 1.62978,0.53116 3.3125,1.07813 0.71184,-0.52495 1.31896,-0.97693 2.02929,-1.50391
l 0.96094,-2.68554 1.17578,-0.53516 1.39258,1.39844 -0.42578,3.44922 -0.95894,1.6152
c 0.12021,1.07028 0.10839,1.40039 0.21679,2.80078 4.90715,10.18996 9.28436,19.28946 14.19336,29.47852 2.08251,-1.01923 1.8761,-0.92101 3.95899,-1.9395
l 2.35156,-8.5039 -0.10352,-10.43942
c 4.47281,-4.82994 8.99434,-9.71075 13.4668,-14.54101
v -3.44727
c 0.4296,0.0428 1.38769,-0.54004 2.77539,-1.08008 0.96583,0.74518 0.84251,1.30603 1.39905,1.32651 1.67402,0.0283 1.77714,0.0309 3.45117,0.0586 0.28021,-0.45197 1.66154,-1.58147 1.95118,-1.87304 0.70898,0.42774 0.70898,0.42774 1.41797,0.85547 0.0128,0.67962 0.13427,2.08938 0.28515,2.65234
l 0.30859,0.70114
c 1.68459,1.61776 4.27245,3.92563 5.91406,5.57617 0.46202,0.99013 1.45724,1.58852 1.45312,2.73047 0.15991,0.88069 0.24527,2.56603 0.48438,3.41406 0.64366,0.84725 0.32212,0.42306 0.96679,1.26954 1.34611,-0.20386 0.59089,-0.0924 1.9375,-0.29297 0.29426,-0.3767 1.93601,-3.61484 2.22266,-3.69922 0.67747,0.9092 2.18322,3.42771 2.31641,4.48633 0.0753,1.29581 0.22036,3.76863 0.29492,5.0645 0.71465,0.13565 0.83224,0.15719 1.54687,0.2929 0.22081,0.53169 2.30046,2.53886 1.64258,3.0176 -0.47836,0.67138 -1.25914,1.76868 -1.73828,2.4395 0.99619,1.59662 1.66699,3.06618 2.66401,4.6623 -0.15487,1.32815 -1.24664,2.75872 -1.85216,3.90204 0.25793,0.85653 0.65905,1.8894 0.875,2.4375 0.80256,0.69893 2.16785,1.79848 2.90039,2.3457 0.40669,0.56363 -0.18085,-0.34398 0.47075,0.6902 0.51264,1.26376 1.33174,2.60684 1.73438,3.8984 0.0559,0.72822 0.33469,4.33626 0.39062,5.06448
l 2.32422,3.60352 6.18945,3.7324
c 0.77441,-0.0634 0.77441,-0.0634 1.54883,-0.1269 -0.24173,-1.83171 -0.058,-1.70525 -0.39062,-3.5137 -1.12671,-2.81514 -3.19425,-7.48708 -4.53711,-10.207 -0.57232,-1.0083 -0.11329,-0.21289 -0.57232,-1.0083 -1.88781,-1.88859 -2.4419,-2.40876 -4.54687,-4.3828 -0.65126,-1.25906 -2.00025,-3.40619 -2.56641,-4.6856 0.071,-2.23666 0.27671,-8.67156 0.34766,-10.9082
l 0.67382,-1.0703 1.64063,0.094
v 2.4394
c 1.542,1.026 4.48052,3.2593 4.48052,3.2593 0,0 2.39883,2.49911 3.5332,3.7754 0.40495,0.52423 0.93749,1.3357 1.45116,2.1443 0.0707,0.69628 0.11786,1.15341 0.18946,1.8496 1.8096,0.19797 0.89532,0.0984 2.70507,0.2949 1.30867,-1.68879 2.10319,-2.80356 3.28711,-4.3828 1.13916,-0.32126 1.95471,-0.55128 3.09375,-0.873 0.69805,-1.98753 1.01931,-2.48278 1.64453,-4.4785 -0.29001,-2.69364 -0.48315,-4.51523 -0.77148,-7.20903 -1.24841,-1.68803 -1.90743,-2.72645 -3.18945,-4.38281 -1.07054,-0.88917 -2.33474,-1.75891 -3.35938,-2.6875 -1.14579,-1.96659 -3.13546,-5.38303 -4.28125,-7.34961 0.81396,-1.36115 2.25634,-3.77362 3.07031,-5.13477
l 0.53332,-0.62123
c 1.52148,-0.65625 1.52148,-0.65625 3.04297,-1.3125
l 1.95312,0.2168
c 0.43652,1.20606 0.43652,1.20606 0.87305,2.41211 0.75976,0.1084 0.48159,0.0951 1.51953,0.21679 1.08496,-1.53027 1.65324,-2.56074 2.16992,-3.06054 2.83134,-1.07109 5.85846,-2.21314 8.68945,-3.28516 2.7256,-3.27794 5.13101,-5.79929 7.82227,-9.41406 0.97343,-3.25581 1.83017,-6.02605 2.60937,-8.97266 -0.0933,-2.56185 -0.12498,-3.35019 -0.21679,-5.91211 -1.62989,-0.32812 -1.62989,-0.32812 -3.25977,-0.65625
l 1.95313,-2.18945 -0.4336,-3.5
c -2.70821,-2.73308 -5.54563,-5.58336 -8.25586,-8.31445 0.0425,-0.89751 -0.1451,-3.29598 0,-4.15821 0.57387,-0.6838 1.76156,-2.441 2.38477,-3.0625 0.96599,-0.44414 1.42187,-0.65532 2.38867,-1.09765 0.0442,-0.49431 0.0761,-0.8502 0.10814,-1.20608 0.032,-0.35589 0.0641,-0.71176 0.10866,-1.20603
h -6.08594
l -1.08984,3.2832 -2.82813,-0.6543 -3.47461,-3.71875 2.16992,-5.6875 3.04297,-3.28515 2.82618,0.21679 -0.4336,5.0293 1.51953,1.31445
c 1.84668,-1.85839 3.69336,-3.71679 3.69336,-3.71679
l 1.30469,-0.2168
c 1.45884,0.38765 1.45884,0.38765 2.25376,0.72065 0.24316,2.78321 0.26588,3.59607 0.48632,5.56641 1.57715,0.0908 3.15431,0.18164 3.82818,0.46479 0.63476,0.28418 0.63476,0.28418 1.26953,0.56836 0.12109,0.54981 0.15375,0.55631 0.24219,1.09961 -0.51465,0.39649 -0.51465,0.39649 -1.0293,0.79297 0.9707,1.91702 2.24511,5.38477 3.51953,8.13867 1.12402,-0.0605 1.12402,-0.0605 2.24805,-0.12109 0.84263,-1.01083 1.86422,-1.88673 2.60937,-2.93945 0.0928,-1.13184 0.0928,-1.13184 0.18555,-2.26368 -0.28884,-1.33812 -0.6204,-2.88278 -0.91016,-4.2207 -2.20276,-1.83415 -3.69838,-2.90729 -5.83403,-4.82026 -0.51563,-0.45801 -0.51563,-0.45801 -1.03125,-0.91602 0.0615,-1.86718 0.0615,-2.58102 0.12306,-3.73437 1.36523,-1.65234 2.21469,-2.68155 2.73046,-3.30469 -0.45555,-0.82116 -0.93486,-1.68482 -1.39062,-2.50586 0.45312,-0.51953 0.45312,-0.51953 0.90625,-1.03906 0.11043,-0.39052 0.35603,-1.77423 0.5,-2.58984 0.33191,-0.69343 0.76941,-1.78718 1.20691,-2.88093 1.30469,0.43945 1.30469,0.43945 2.16992,1.3125 1.95313,-0.43653 3.09158,-0.69127 3.90625,-0.87305 1.44261,-4.26513 2.5127,-7.11059 3.90625,-11.38477 0.15152,-4.94658 0.28281,-9.28386 0.4336,-14.23047 -1.73875,-3.96015 -3.0375,-6.64962 -4.99805,-11.38281 -2.56762,-3.62469 -3.9504,-4.80643 -6.29883,-7.65625 -1.95144,0.28425 -1.09287,0.15937 -3.04492,0.43946
v 2.4121
c -0.70252,-0.27042 -6.68029,-2.57526 -7.38281,-2.8457 0.6729,-1.55144 2.24522,-4.54839 2.82617,-6.12695 0.73574,-4.99718 1.65049,-11.2021 2.38672,-16.19922 3.02935,-0.94676 6.98005,-2.07257 9.99023,-3.06055 1.47222,-0.94351 3.30664,-2.11578 4.7793,-3.05859 0.61237,-0.003 3.66598,0.0247 5.21289,0 -0.65527,0.87695 -0.65527,0.87695 -1.31055,1.75391
l 1.30664,2.1875
c 1.43457,-1.49436 2.9716,-3.06705 4.5625,-4.8125
l 2.60938,0.21484
c -0.21582,-1.42188 -0.26301,-1.72785 -0.43164,-2.84375 -1.13372,-0.24063 -2.99874,-0.63402 -4.13281,-0.87305 0.70296,-2.55806 2.12516,-7.72905 2.82812,-10.28711 0.38445,-0.21537 2.53375,-2.39461 3.73633,-3.52343 0.25771,0.89271 1.26577,4.35376 1.52553,5.24586 1.84407,0.52902 1.20114,0.34303 3.04492,0.87305 0.96077,-1.52075 2.08038,-3.29368 3.04102,-4.81446
l -1.73633,-3.28515 0.64648,-2.84375
h 4.5625
l -1.08984,2.1875
c 0.008,0.7347 0.43554,7.16897 0.43555,7.88281 -2.06003,5.11811 -4.46173,11.08099 -6.52149,16.19922 0.20691,1.41757 0.3252,1.75 0.65039,3.5 -0.0733,1.97604 -0.14169,3.93614 -0.21679,5.91211 4.30414,6.27319 7.85948,11.45489 12.16015,17.73047
l 2.38867,0.65625
c 0.0702,-4.57799 0.14635,-9.86534 0.21485,-14.44336 0.93922,-0.86071 1.44747,-1.32682 2.38672,-2.1875 -0.88692,-1.93381 -1.72207,-3.75387 -2.60938,-5.6875 0.79547,-0.88311 1.37524,-1.52829 2.16992,-2.41211 -2.13683,-2.84007 -2.64055,-3.50708 -4.77929,-6.34571 -0.56989,0.0476 -2.04137,0.17005 -2.61133,0.2168 -0.18693,-2.27051 -0.67635,-8.23144 -0.86328,-10.50195 2.12512,-0.5543 4.60715,-1.20211 6.73242,-1.75586 0.14422,-1.01515 0.28954,-2.05124 0.43359,-3.06641 0.6025,-0.14776 1.73829,-0.43652 3.47657,-0.87304 1.0365,0.93214 0.91622,0.82415 1.95312,1.75585 1.06094,-4.20648 1.27927,-5.44255 2.38477,-9.63085 1.21056,-2.05429 2.91445,-4.94569 4.125,-7 0.78501,-0.38106 2.45329,-1.4668 3.25781,-1.75586 1.42736,0.10921 1.3989,0.10651 2.82617,0.21679
v -3.2832
c -1.90591,-0.39715 -2.28125,-0.43653 -4.5625,-0.87305 -1.41545,-1.18019 -4.88727,-4.07567 -6.30273,-5.25586 0.84319,-0.96973 2.20183,-2.53018 3.04492,-3.5 -0.49346,-1.1212 -2.11529,-4.79313 -2.60938,-5.91406 1.08497,-1.09278 1.49916,-1.51309 2.16993,-2.18555 0.85827,1.09317 1.56094,2.0505 2.60937,3.5 1.40536,0.47077 5.0862,2.04945 6.51758,2.40821 2.93065,0.26861 4.23517,0.39172 7.16601,0.6582 0.54794,-1.92062 0.32728,-1.13734 0.87306,-3.05859 -1.10259,-1.11016 -2.58732,-2.60813 -3.68946,-3.71875 1.56142,-2.15453 2.56002,-3.53412 4.12305,-5.6875 -4.50033,-1.58506 -4.84324,-1.70258 -9.34376,-3.28711 -0.58187,1.17569 -1.80423,3.63906 -2.38671,4.81445 -0.52577,-0.62159 -2.46201,-3.39472 -3.04297,-3.93945 -6.02035,-2.07632 -11.23125,-3.93271 -17.25209,-6.0076 -1.90554,0.32969 -10.96648,1.97096 -16.20118,2.9375 -1.19336,0.65723 -1.19336,0.65723 -2.38671,1.31446 0,0.65625 -1e-5,0.59866 0,1.3125
l 3.47461,1.75586
c -0.21681,1.36526 -0.2168,2.0791 -0.43359,4.1582 -1.06152,-0.40748 -5.81133,-2.50952 -6.30079,-2.62891 -4.55072,1.77506 -9.62473,3.79087 -13.89844,5.47461 -0.70814,-1.49096 -1.68007,-3.54051 -2.38867,-5.03125
h -9.5586
c -1.38236,1.46002 -2.96765,3.13726 -4.3496,4.59766 -4.89358,-1.11023 -10.52595,-2.39157 -15.41993,-3.5 -1.96824,0.39213 -4.60425,0.83499 -14.11718,2.8457 -0.86915,2.1875 -0.86915,2.1875 -1.73829,4.375 1.08496,0.32715 1.08496,0.32715 2.16993,0.6543
l -0.21484,3.28516
c -4.57413,0.39399 -11.32806,1.2657 -13.68554,1.52929 0.24287,1.21313 0.63049,3.1618 0.87304,4.375 -2.32699,-0.40373 -10.27652,-1.7857 -12.60352,-2.18945 1.07198,-2.00326 1.97219,-3.68465 3.04493,-5.6875 -6.14747,-0.31616 -6.67274,-0.34218 -12.82031,-0.65625 0.42235,2.29198 0.66722,3.62213 1.08984,5.91406 -0.53844,0.13171 -3.64233,2.20449 -4.12305,1.96875 -1.01556,-0.96042 -2.45932,-2.32249 -3.47461,-3.2832 -4.34377,0.74158 -9.77346,1.67025 -14.11718,2.41211
l -5.42969,5.0293 -0.21484,3.06054 -3.47657,0.2168 -0.43359,-3.5 11.08203,-9.62891
v -6.57031
c -3.06287,-0.84316 -4.10303,-1.12796 -7.16602,-1.9707 -2.90528,0.9517 -6.43843,2.10895 -9.34375,3.06054 -1.05855,-1.06851 -2.8482,-2.87238 -3.90625,-3.9414
h -1.73828
l -2.16993,4.37304 1.73633,1.97071
c -3.34578,1.86125 -9.07637,4.87403 -12.38867,6.78711 -3.60018,2.76441 -7.07494,5.30177 -10.64063,8.09961 -2.3307,3.20939 -4.18676,5.76475 -6.51952,8.97265 0,1.89729 10e-6,1.81951 0,3.7168 0.28371,0.11677 4.46447,1.80772 6.94921,2.84375 -1.73828,1.31347 -1.73828,1.31347 -3.47655,2.62695 -0.9158,-0.33262 -6.46243,-2.29974 -7.38086,-2.625 -0.80296,0.69254 -2.242,1.93437 -3.04492,2.62696 -1.7683,-2.03667 -2.79488,-3.21858 -4.5625,-5.25586 -0.81477,1.84298 -0.0561,0.13063 -0.87305,1.97265
l 4.99609,15.75782 1.30469,0.43945 3.47852,-1.75391 1.73632,1.31446
v 2.84375
l -3.25976,-1.3125 -1.95313,1.52929 1.30664,2.84375 -1.08984,7.44336 -6.73242,0.65625 -0.43164,-2.41015 3.90625,-2.41016 0.87305,-6.57031 -4.34961,-5.68946 -1.51954,-9.8457
c -2.54536,-0.40244 -4.404,-0.69427 -6.94921,-1.09766 -0.38704,2.08472 -0.26415,1.41477 -0.64844,3.5 0.65234,0.87695 0.65234,0.87695 1.30469,1.75391 -0.60015,0.51227 -2.22442,1.89938 -2.82422,2.41211 0.4981,2.91215 0.56198,3.68041 1.08789,6.57031
l 4.12304,1.75391 0.87305,4.81445 -4.13281,-2.62695
c -3.0884,-0.57173 -7.55194,-1.40063 -10.64063,-1.9707 -0.52059,1.39772 -0.78522,2.1026 -1.30664,3.5 -2.01154,0.72634 -6.46112,2.33421 -8.47265,3.06054 -0.48148,-0.80794 -0.82227,-1.37815 -1.30469,-2.18554 -4.34207,2.4016 -6.73979,3.7257 -11.08203,6.12695 -0.1084,1.36623 -0.2168,3.44631 -0.21679,4.16015
l -4.34961,0.6543 1.30664,-3.05859
V 327.555
c -1.90214,-0.67004 -2.44733,-0.85963 -4.34961,-1.5293 -1.85668,0.72503 -0.96655,0.37514 -2.82422,1.09766 1.46408,2.77634 2.61635,5.0301 4.12305,7.66016
v 2.41015
c -1.62989,-0.32813 -2.07411,-0.44527 -3.25977,-0.65625
l -0.64844,-0.6582 -3.25977,3.5 1.73828,3.0625 -7.38476,-0.2168 2.38867,3.07032 -0.64844,1.3125
h -3.9082
l -2.82617,-1.97266 -0.64649,-5.47266 -4.5625,-1.7539
v -2.18555
l 9.56055,1.9707 5.21289,0.44141 2.16992,-3.28516
c -0.57022,-1.02267 -1.38421,-2.47659 -1.95312,-3.5 -5.0385,-1.98295 -8.86251,-3.48812 -13.90039,-5.47265 -1.06781,0.26524 -3.72912,0.92593 -4.79688,1.1914
l -0.27929,-1.873 -1.10742,-0.63868 0.0791,-1.59177 1.03028,-0.16409
v -0.96093
c -2.01473,-0.52074 -2.10239,-0.6565 -4.12305,-1.11328 -2.61408,0.26976 -3.56603,0.36689 -6.17969,0.64062 -0.31641,1.35645 -0.31641,1.35645 -0.63281,2.71289 -0.71386,-0.23828 -0.71386,-0.23828 -1.42773,-0.47656
l -0.95118,-1.59961 -3.01757,0.15625 -0.32032,3.03125 -1.42578,0.64062
c -0.39648,-0.7998 -0.39648,-0.7998 -0.79297,-1.5996 -3.04673,2.45231 -3.30086,2.65471 -6.3457,5.10937 0.21653,0.41838 0.63575,0.71778 1.27149,1.43555 -1.18848,0.55762 -1.18848,0.55762 -2.37696,1.11523 -1.47492,2.92641 -3.91765,7.77476 -5.39258,10.70117 -0.83961,0.56582 -1.05984,0.71485 -1.90039,1.2793 0.0772,0.47949 0.0772,0.47949 0.1543,0.95898
l 1.90039,0.95899 -0.47461,2.07422 -3.17383,-0.16406
c -0.40293,-0.39685 -0.47559,-0.55664 -0.95117,-1.11329 -1.15765,1.25533 -1.86129,2.42918 -3.32812,3.35547 -0.15919,0.40628 -0.26518,1.64735 -0.31836,2.24024 -0.55371,0.31934 -0.55371,0.31934 -1.10742,0.63867 -0.99397,0.22358 -1.8595,0.41732 -2.85352,0.64062 -0.61485,2.02696 -0.88381,2.44684 -1.42578,4.48047 0.37114,2.67477 0.51635,4.68492 0.94922,7.34571 0.45399,1.2788 0.58954,2.11636 1.10742,3.35546 0.71964,0.72433 0.55101,0.55388 1.26953,1.2793 1.28052,-0.0732 1.5729,-0.0851 2.85352,-0.15625
l 4.125,-3.99414 1.57812,-2.71289 0.48047,3.99219 0.14844,1.0957 3.96875,6.08203 0.94922,4.79102
h 1.74804
l 1.26953,-2.71289 3.64649,-1.2793 -0.1543,-6.87305 2.37695,-2.07422 1.58204,-2.39453 0.3164,-1.7539 -4.12304,-3.03516 -0.1543,-3.83789 2.37695,-3.99414 1.74609,-0.1543 3.01757,-4.1582
v -3.0332
l 4.27735,-3.03516 2.54105,0.80277 1.10352,2.07422 -6.6543,7.50391 -0.95117,3.20117 1.26953,4.63086 4.2793,3.20117 5.70508,-2.71679 4.59765,-0.64063 0.0898,2.0468 2.31054,1.625 -2.08398,1.375 -6.80643,-0.16207 -3.06836,1.875 -0.043,1.39257 1.98828,1.875 -0.13867,0.65821 -1.08399,2.82226 -1.83398,0.54883 -1.91992,-2.98242 -1.03906,0.75977 -0.58789,3.13281 0.11328,5.08008 -1.78134,3.035 -1.72461,-0.6914 -0.31437,-1.00768 -5.39062,1.48828 -3.11133,2.70508 -0.69725,0.0743 -1.83204,-1.59375 -2.08398,-0.58789 -2.33398,1.01367 -1.49415,-0.16406 -1.74219,-2.15236 -0.32032,-3.48243 1.76368,-1.9707 -0.0352,-1.54883 -1.24414,-3.22265 -0.64449,-0.10548
c -0.57228,0.69878 -3.1172,3.22521 -3.58594,3.9668 -0.0332,1.23162 -0.16582,1.36309 -0.12891,2.58398 0.63405,1.65837 1.00032,2.60546 1.63477,4.26367 0.30077,0.66405 0.30077,1.03908 0.30077,2.84179 -1.54297,0.25 -2.40093,0.3853 -3.08594,0.5
l -0.9082,0.33789
c -0.60365,0.29741 -3.31041,1.63031 -3.91406,1.92773 0.41406,0.37598 0.37011,0.12498 0.82812,0.75196 0.0439,0.96484 0.0879,1.21584 0.0879,1.92968 -0.41406,-0.082 -0.41406,-0.082 -0.82812,-0.16406 -0.26658,-0.49789 -0.45801,-0.71386 -0.91602,-1.42773 -0.49119,0.77876 -1.69826,2.68999 -2.18945,3.46875
l -0.39645,0.64653 -1.04887,1.88276 -1.90821,0.46875 -3.82031,4.15625 -1.15039,0.0781 -1.5293,-1.08008 -0.99218,0.23438 -0.75977,2.38476 -5.58594,0.1543
c 0.13667,1.06957 0.0202,0.16668 0.15625,1.23633 2.26168,1.52299 3.96994,2.52626 6.03809,4.31445 0.43892,0.4247 1.91367,1.28341 2.21777,1.77148 -0.0493,0.90289 0.0529,3.35538 -0.0762,4.23633 -0.61381,1.07588 -2.37109,4.15625 -2.99411,4.77932
h -11.01763
c -0.79774,-0.32348 -1.40839,-0.76189 -2.22065,-1.0039 -0.87555,0.0642 -0.19668,0.0145 -1.07227,0.0781 -0.68914,1.43232 -0.60933,1.26417 -1.29687,2.69726 0.17336,1.35672 0.41658,1.41076 0.46094,2.77344 -0.15189,2.11785 -0.3071,6.21028 -0.45899,8.32813 -0.58647,0.52993 -0.9436,0.85202 -1.52929,1.38281 0.25518,1.09365 0,0 0.15625,0.8457 0.53515,0.88672 0.53515,0.88672 1.07031,1.77344 -0.18914,0.59084 -0.50227,1.56934 -0.69141,2.16016 1.17705,0.36673 0.57422,0.19434 1.14844,0.38867
l 2.67969,-0.31055 0.61521,-0.22852 2.97852,1.61915 3.4414,0.23242 6.87891,-1.69532
c 0.91973,-1.15736 2.44584,-3.07477 3.36519,-4.23242 0.0238,-1.37088 0.0521,-2.94163 0.0762,-4.3125 2.98343,-2.69824 2.98343,-2.69824 5.96683,-5.39648 0.15039,-1.90622 0.15039,-1.90622 0.40427,-3.10547 0.80273,-0.9248 0.80273,-0.9248 1.60543,-1.84961 1.64355,0.0391 2.45764,0.0684 3.28711,0.0781 0.458,0.42383 0.458,0.42383 0.91601,0.84765
l 3.28321,-0.23242 1.68554,-2.16211 0.60941,-0.35931 3.25,-0.11329
c 1.16282,1.29475 5.95946,7.11917 7.17383,8.33399 1.50946,0.47041 3.0095,0.75963 4.48046,1.29687 0.53876,0.5724 2.2095,1.87399 2.64454,2.49805
l 0.6289,5.69531
c 0.70898,-0.41406 0.40191,-0.0705 1.41796,-0.82812 0.52176,-1.41251 0.61523,-1.55273 1.23047,-3.10547 -0.15235,-1.11426 -0.15235,-1.8281 -0.30469,-2.22852
l 2.09961,-0.1914 0.30469,-1.26172 -5.92188,-2.83399 -5.61914,-5.52343 -2.23828,-3.30274 -0.54492,-3.13672 2.85938,-0.68359 0.86523,0.40234 0.0352,0.67578 -0.36914,2.17969 1.41601,0.36914 0.71094,-1.05273 1.11133,0.97656 0.89062,3.11133 6.10938,2.85351 1.63672,0.79688 1.5039,0.27344 0.39844,0.59961
v 3.98242
l 1.14062,2.15234 0.82029,-0.0957
c 0.31538,0.59566 0.17757,0.41177 0.36323,0.7343
l -0.0957,1.15039
c 1.08122,0.62325 4.95996,2.38087 5.91602,2.74805 -0.50196,0.52832 -0.50196,0.52832 -1.00391,1.05664
l -2.23046,0.22656
c -0.15918,0.50489 -0.15918,0.50489 -0.31836,1.00977 0.4821,0.98801 0.20843,0.82407 0.76953,1.73828 1.1602,0.58582 1.32032,0.80881 2.5,1.33008 0.54492,0.0488 0.54492,0.0488 1.08984,0.0977
l 0.13672,-2.98047 1.63477,-1.97266 -4.45899,-5.27148 0.58984,-1.79102 1.04493,-0.041 1.58984,1.27929 1.00195,-0.50195 0.32032,-1.79102 4.13095,0.623 2.2207,-0.5 1.5625,-1.1875 3.4375,0.9375 -1.94531,1.87695 -5.17579,-0.25 -1.91015,2.09375
v 1.01953
l 1.2207,1.02344
v 1.12305
l -0.51172,1.33008 0.50977,1.12304
c 0.8125,-0.40527 -0.53833,0.26852 1.625,-0.81054 0.61109,0.65941 1.06065,1.14693 1.625,1.73828 -0.20313,0.61328 -0.20313,0.61328 -0.40625,1.22656 -0.30176,0.41016 -0.30176,0.41016 -0.60352,0.82031 0.45215,0.50977 0.45215,0.50977 0.9043,1.01953 1.04622,0.27729 3.51725,0.76501 4.46094,0.91797 1.41884,-0.60101 1.72209,-0.72833 3.14062,-1.33007
v -1.9375
c 0.75976,0.15137 0.75976,0.15137 1.51953,0.30273 0.90716,0.59467 2.71108,1.64286 3.65039,2.14453 0.96576,0.0319 2.97964,-0.64953 3.94532,-0.61523 0.66337,-0.63227 1.05584,-1.00208 1.7207,-1.63282 0.55761,0.20313 0.55761,0.20313 1.11523,0.40625
l -0.58598,5.07842 0.0527,1.6875 -0.81442,3.17383 -1.36524,4.3457 -0.43159,0.33988 -3.35351,0.0332 -2.25,-1.24414
c -0.61722,-10e-6 -0.61722,-10e-6 -1.23443,-3e-5 -1.32324,1.10547 -1.32324,1.10547 -2.64648,2.21093
l -2.13477,-0.0586
c -1.49071,-0.53725 -3.02847,-0.92492 -4.49414,-1.24414 -1.1543,-0.0312 -1.1543,-0.0312 -3.02937,-0.16801 -0.84307,-0.17168 -3.15609,-0.28855 -3.93359,-0.57031 -0.63118,-0.84703 -1.22432,-1.64124 -1.85547,-2.48828
h -4.89453
c -1.19293,1.00945 -1.27973,1.08234 -2.47266,2.09179 -0.15491,0.92337 -0.0161,0.0967 -0.17382,1.01954 0.42063,0.40761 1.09896,1.06304 1.51953,1.4707
l 0.33984,1.4707
c -1.17419,0.47989 -2.05826,0.86632 -3.48047,1.46875 -1.45432,-0.70412 -5.29837,-2.28376 -6.6914,-3.05859 -0.62788,-0.97683 -1.22752,-1.90994 -1.85547,-2.88672 -3.14716,-0.93058 -7.51198,-2.26787 -10.63665,-3.22852 -0.0547,-0.4541 -0.0547,-0.4541 -0.10938,-0.9082 0.42285,-0.70898 0.42285,-0.70898 0.84571,-1.41797 0.0114,-1.81135 -0.0214,-2.54069 0,-3.05859 -0.73633,-0.39649 -0.36817,-0.19824 -0.73633,-0.39649
l -0.0547,-1.5654
c 0.31152,-0.61819 0.13869,-0.59421 0.67774,-1.09866 -0.0293,-0.62109 -0.0821,-0.54861 -0.0586,-1.24219
l -1.57221,-1.02143 -5.67386,2.06836
c -1.23401,-0.38094 -2.28429,-0.88915 -3.52345,-1.1875 -4.93451,0.92956 -9.74291,1.82969 -14.67769,2.75781
l -3.19922,2.43164 -0.72071,0.13672
c 0.65059,0.24461 -7.49693,-0.12583 -9.97851,0 -0.61355,1.36424 -1.33912,2.9758 -1.95313,4.33984 -1.52079,0.73289 -2.98546,1.43624 -4.50586,2.16993 -1.24654,3.37653 -2.47276,6.68453 -3.7207,10.06054 -1.19627,0.71724 -6.04396,3.62459 -7.24023,4.34185
l -10.10527,16.73541
v 0.71384
c 0.4047,0.60267 1.58831,1.82773 1.88476,2.46489 -0.11921,3.27586 -0.271,7.37259 -0.38867,10.64847
l -0.38692,1.1662 -0.77539,1.3847 -0.24023,1.3848 1.25195,0.8984 0.37695,0.7923 -0.0879,1.6252 1.56255,3.7266 1.57618,2.9496
z

m 340.0664,-6.8191 -2.89649,2.3339 -2.39648,0.25 -2.5586,2.75 0.0859,1.252
c 1.91803,-0.40905 3.22266,-1.29005 4.04883,-1.8301 0.7041,1.78905 0.72958,2.32894 1.4082,3.5781 0.74926,0.45371 2.20702,1.58004 2.47852,1.7461 0.77067,-0.21262 0.73685,-0.24805 0.99414,-0.3379 0.191,-0.25558 0.56263,-0.58767 0.9082,-1.08 -0.49669,-0.52077 -1.68382,-1.7365 -1.97851,-1.9961 0.14544,-0.11323 1.01918,-0.82453 1.16015,-0.916 0.0305,-0.14672 0.87794,0.757 1.32031,1.0781 0.38922,-0.59561 0.5773,-0.92432 0.90625,-1.4942 -0.3602,-0.85399 -0.45313,-0.91695 -0.90625,-1.8339 -0.059,-1.47712 -0.10603,-2.60294 -0.16406,-4.0801 -1.23307,-0.86264 -1.50611,-1.05401 -2.73824,-1.918
z

m -1.07422,-6.2481
h 1.41015
c -0.16018,-2.16658 -0.091,-1.24743 -0.25,-3.4141 -0.51216,-0.35064 -1.3052,-0.90627 -1.57422,-1.08 -0.50227,0.0713 -1.21775,0.24096 -1.90039,0.414
l 1.57032,2.082
z

m -4.12891,-5.5835 0.91016,-1.2461
c -1.04297,-1.37011 0,0 -1.16016,-1.58202 -0.43095,-0.40391 -0.7041,-0.66504 -1.4082,-1.33008 -0.66336,-0.0734 -2.31125,-0.25476 -2.97461,-0.32812 -0.30456,-0.53682 -0.90934,-1.73411 -1.57227,-2.58399 0.9082,-1.375 1.72311,-2.49095 1.81641,-2.75 0.082,-1.20507 0.082,-1.20507 0.16406,-2.41015 0,-0.71384 -0.61817,-1.53906 -1.23633,-3.07813 -1.02249,-0.20648 -2.0762,-0.52423 -3.13086,-0.75195 0,0 -1.22813,0.86536 -2.23242,1.57812 -0.10902,2.16207 -0.14062,2.83597 -0.25,4.99805 1.00522,2.00635 2.53617,4.71105 3.47852,6.74219
l 1.16015,0.91601 1.48243,-1.00195 2.56054,0.41406 0.49219,2.24806
z

m -7.43555,-1.1582
c 0.51089,1.8171 0.14368,0.51735 0.65625,2.334 0.94208,0.61271 0.21574,0.13979 1.15821,0.7519
l 0.83008,-1.08 -1.32422,-1.8321
z

m 10.24028,6.1615
c -0.65427,-0.12018 -0.70025,-0.059 -1.9766,-0.1641 -0.0601,0.94747 -0.0616,2.92705 -0.0859,3.8301
l 0.90625,1.4941 1.57031,-1.832
z

m -3.63091,-0.752
c -0.9149,-0.40164 -2.17777,-0.82936 -2.81444,-1.08048 -0.0418,1.05333 -0.0879,3.61626 -0.0879,4.3301 1.0737,1.1054 0.52418,0.56994 1.57226,1.582 0.15807,1.13569 0.37752,2.06604 0.57813,3.0762 0.7871,0.16895 1.22659,0.28447 1.57421,0.3379 0.18356,-0.43876 0.58453,-1.48863 0.74219,-1.9219
l -1.23633,-0.91362
z

m -14.54296,10.4063
c 0.65106,-0.0889 1.16007,-0.16578 1.73633,-0.25 2.23738,-2.49995 3.29876,-3.50133 5.53576,-6.00162 -1.57469,-2.46743 -0.65888,-0.77091 -2.23303,-3.23868 -0.81417,0.88952 -1.1582,3.1641 -1.1582,3.1641 -2.06543,2.62305 -2.06543,2.62305 -4.13086,5.2461
z

m -0.13088,3.7568
c -0.82448,1.43177 -2.1338,3.43226 -2.61133,4.8164 -0.51758,0.7112 0.63361,-1.13365 -0.51758,0.7112 -0.95317,1.09818 -1.47719,1.84287 -2.49021,3.0176 -1.22362,1.07819 -4.89807,3.35684 -7.89258,5.9098 0.0937,0.82916 0.13382,2.15133 0.1875,3.086 -0.72097,-0.0631 -2.6723,-0.14781 -3.3164,-0.2012 -0.50724,-0.023 -0.1666,10e-4 -0.90625,-0.005 -0.57575,0.15698 0,-5e-4 -1.57422,0.4336 1.21456,4.68405 1.89278,6.6548 3.108,11.33868 1.88993,0.2465 2.52589,0.16642 4.39649,0.4922 1.38141,0.52299 4.48772,1.69961 5.86914,2.2226
v 2.2227
c 1.94024,-0.35576 0.74723,-0.13851 2.6875,-0.4941 1.58495,-2.1916 2.33457,-3.22728 3.91797,-5.42 0.0294,-1.55885 -0.1036,-2.89404 0,-4.4355 0.42141,-0.8491 1.78171,-3.5865 2.20312,-4.4356 0.48422,0.17375 1.95994,0.42287 2.27869,0.49142 -0.86207,-2.17171 -2.09196,-4.21161 -2.9375,-6.1621 -0.10206,-0.89908 -0.18055,-3.07084 -0.28259,-3.96992 0.1794,-0.33027 0.15919,-0.29803 0.30019,-0.69108 0.64924,-0.55878 3.27166,-2.24996 4.24668,-2.95572 -2.38244,-1.73903 -3.07401,-2.117 -5.45763,-3.85438
z

m 27.55664,22.5237
h 0.84961
c 0.78881,-1.49604 0.54033,-1.73122 1.70117,-2.9941 -0.55274,-0.5996 -0.50163,-0.74491 -1.10547,-1.1992 -1.08528,-0.54115 -0.80859,-0.29885 -1.61718,-0.5977 0,-0.71384 -0.7451,-1.75056 -0.76172,-2.4805 -0.32605,0.59413 -1.19499,2.6162 -1.61524,3.9336 0.92668,1.30337 1.3911,1.92524 2.54883,3.3379
z

m -15.03125,14.9727
c 1.29315,0.34761 0.32215,0.0857 1.61524,0.43362 0.83138,-1.9119 0.6977,-1.59989 1.52929,-3.5117 -0.64697,-2.12434 -0.80571,-3.2159 -1.52929,-5.3086 0,-0.71384 -1.11423,-1.89187 -1.10487,-2.30972 1.11978,-0.81715 2.87076,-2.09524 3.99219,-2.9101
l -1.10021,-1.29
c 0,0 -2.54958,1.64984 -3.82032,2.4805 -1.01953,0 -0.82188,0.28684 -1.01953,0 -0.39529,-0.57368 -1.52159,-2.17217 -1.86719,-2.7402 0.59766,-1.1992 0.26722,-0.99364 0.59766,-1.1992 0.87572,-0.41113 2.61217,-1.29283 3.14648,-1.5411 0.86621,0.2222 4.15593,1.4348 4.75391,1.4551 1.19596,0.0406 1.43879,0.19103 1.60998,-0.0911 0.89022,-0.83105 2.68014,-2.5029 3.57031,-3.334
l -1.44336,-1.4515
c -0.9368,0.70052 -0.5636,0.44243 -1.65527,1.2822 -1.3849,1.07328 -0.27006,0.20932 -1.65527,1.2822
h -2.12696
c -0.79528,-0.31563 -2.39798,-1.37501 -3.22461,-1.5371 -1.21159,0.0469 -1.24594,0.0431 -2.45763,0.0876
l -2.54883,4.10552
c -0.23349,0.79695 -1.3013,5.83043 -1.61719,7.1054 -0.39328,1.13559 -0.56533,1.93219 -0.86328,2.834
l 2.1217,2.39348 -1.27148,4.2812 2.72009,10e-4
c 0,-0.71384 0.89343,-7.23857 1.01954,-8.9902 1.26674,0.38899 0.46777,0.12985 0.93554,0.2597
z

m 20.55666,-8.8105
c -0.72266,-0.25485 -0.72266,-0.25485 -1.27869,-0.51132 -1.51511,0.33428 -1.96558,0.4342 -3.48047,0.76946 -0.81209,0.88659 -0.20963,0.2284 -1.02148,1.1152 0.81099,1.3889 0.0364,0.0645 0.84765,1.4532 1.46491,-0.60023 2.32257,-0.99111 3.73047,-1.711 0.76937,0.61964 1.19129,1.09452 1.96033,1.71456
l 0.93555,-0.7734
z

m 5.36133,1.711
c 0.45587,1.58955 0.91622,2.6014 1.36975,4.19164 1.41822,0.0929 -0.21911,-0.0132 1.19921,0.078 0.0447,-0.0798 0.49816,-2.41244 0.87049,-4.11354 0.95996,0 1.46042,-0.0363 1.91993,0 0.40332,1.29981 0.68345,3.62094 0.80664,4.0273 3.03771,2.51526 6.48794,5.22957 9.52599,7.74444 0.0784,1.95831 0.16398,4.09249 0.24219,6.0508 1.43935,1.56327 1.75779,1.90365 3.19726,3.4668 2.30851,-0.0711 2.92443,-0.139 5.28125,-0.2577 1.30332,-1.52281 2.6986,-3.15303 4.00196,-4.6758 0.71603,0.12894 2.86769,-0.51295 3.35937,0.1622 0.6017,0.33163 2.15847,1.29368 2.16016,1.9375 0.21206,1.74974 0.50658,4.21532 0.7207,5.9648 2.85457,1.50924 4.02424,2.12354 6.88087,3.6289 1.29895,-0.47787 0.46396,-0.17065 1.76367,-0.6465
v -2.1797
c -1.95283,-1.6249 -3.57094,-2.97233 -5.52344,-4.5976 -0.59002,-1.3631 -2.13265,-4.93178 -2.72266,-6.29486 0.73282,-0.35306 1.42797,-0.69255 2.16016,-1.0469 -0.22195,-0.53541 -0.96643,-2.44562 -1.59961,-3.4668 -0.95415,-0.0244 -2.24311,-0.0551 -3.19727,-0.078 -0.21293,-0.98271 -0.59211,-2.7262 -0.80469,-3.709 -3.15951,-2.13038 -5.31788,-3.59196 -8.47851,-5.7207 -0.95087,-0.22043 -1.44532,-0.2384 -2.24024,-0.4669 -1.87444,-1.30387 -3.56435,-2.48233 -5.43945,-3.78524 -2.3199,1.54157 -4.61093,3.11401 -6.9668,4.5996 -0.46553,-0.36855 -1.52149,-0.96875 -3.04297,-1.9375 -0.026,-2.04192 -0.0524,-4.08498 -0.0781,-6.1269 -1.2908,-0.14858 -1.68361,-0.2539 -1.68361,-0.2539
l -1.80176,0.20314
c 0,0 -0.44037,-0.0712 -1.80176,0.2031 -1.33743,0.97691 -1.14556,0.71616 -2.48303,1.69302 0.69263,1.39747 0.2677,0.54234 0.96094,1.9395 1.96191,0.3623 2.94339,0.55672 3.92383,0.73736
v 0.71384
c -0.81496,0.57151 -2.06908,1.68578 -2.48047,2.0156
z

m -203.62304,21.5257
c -0.37375,0.78228 -0.5554,1.1563 -0.83969,1.9335 -0.55715,1.3028 0,0 -1.0021,2.4396 -0.49347,0.86994 -2.66083,4.69446 -3.1543,5.5644 -1.75776,0.12569 -3.76551,0.27323 -5.52344,0.3965 -1.13975,1.33606 -1.23089,1.44586 -2.36914,2.7832 0.13223,2.81897 0.26466,5.66931 0.39649,8.4883 -1.1398,1.32544 -2.28214,2.65301 -3.42188,3.9785 0.15884,2.74245 0.23654,4.0173 0.39453,6.7598 1.34364,1.53444 1.55426,1.77652 2.89844,3.3105 1.67911,-0.22941 1.77406,-0.0872 3.42187,-0.3945 1.59376,-1.17473 1.83075,-1.34974 3.42383,-2.5254 -0.29465,-1.48967 -0.49242,-2.48693 -0.78711,-3.9766 2.74228,-4.74491 5.15292,-8.91089 7.89453,-13.6562 -0.55228,-0.60115 -1.02947,-1.11982 -1.58203,-1.7207 1.08077,-2.02924 1.1875,-2.63206 1.58203,-3.3125 0.85449,0.26365 0.85449,0.26365 1.70899,0.5273 0.30428,-0.86688 0.26367,-0.66115 0.52734,-1.3223 -0.661,-2.65965 -0.88434,-4.12816 -1.58203,-6.7597 -0.43923,-1.32455 -0.4836,-1.46098 -0.92383,-2.7852 -0.60041,0.15318 -0.46209,0.11831 -1.0625,0.2715
z

m 197.71656,8.82427
c 0,0 0.62311,-0.17899 -2.66969,0.73633 -0.81038,2.34376 -1.64499,4.75965 -2.45508,7.1035 -0.87235,0.1997 -2.58665,0.52711 -3.98437,0.9258 -0.0954,-1.56157 -0.20696,-3.38386 -0.30274,-4.9454 -6.69178,4.07527 -9.55989,5.81585 -16.25195,9.8907 0.11241,1.39699 0.19022,2.31216 0.30469,3.709 -0.4732,0.65427 -1.98189,2.74211 -2.45508,3.3964 -1.86274,0.0272 -4.29092,-0.0921 -6.14063,0 -4.74201,1.99738 -8.44788,3.56216 -13.18945,5.5606 -1.9622,5.28383 -0.33926,0.91158 -2.30176,6.1953 0.84892,-0.22973 -2.16591,5.45774 -2.29776,6.1953 -0.0823,5.95347 -0.22034,15.98401 -0.30273,21.9375 -1.07877,0.79193 -2.29138,1.67942 -3.36915,2.4727 -0.19783,1.40799 -0.10538,0.75233 -0.30468,2.1601 2.10145,1.40834 2.49839,1.67441 4.59765,3.086 4.01182,-0.75273 7.33463,-1.43977 11.34961,-2.1602
h 5.82617
c 0.75756,-1.09128 1.38968,-2.00391 2.14649,-3.0957 3.85363,-0.73997 9.02527,-1.73263 12.87891,-2.4726 2.34062,0.70946 6.85664,2.07564 9.19726,2.7851 -0.0869,0.87887 -0.68299,2.84015 -0.61328,3.707 0.61729,1.87006 0.60979,1.83876 1.22656,3.709 1.35347,-0.23565 7.05664,-1.2363 7.05664,-1.2363 0,0 0.21353,1.30437 0.30078,1.8496 -0.84289,0.62241 -4.06355,3.00076 -4.59961,3.3965 1.47,1.18871 0.0584,0.0488 1.5293,1.2363 0.45657,-0.0912 2.77434,-1.04135 3.3711,-1.2363 -0.23671,2.64312 -0.68026,7.558 -0.91602,10.2012 2.70961,2.08227 3.72828,2.86307 6.43945,4.9433 1.16767,-0.39154 2.51589,-0.84302 3.6836,-1.2344 0.5562,0.5596 1.28342,1.29223 1.83984,1.8516 4.20564,-0.6056 6.5292,-0.93993 10.73438,-1.5488 3.38358,-5.47919 6.73827,-10.90243 10.12304,-16.3809 1.2456,-0.3135 2.43627,-0.61136 3.68164,-0.9258 2.64019,-4.87507 4.72121,-8.71848 7.35742,-13.5957 0.67781,-4.29902 1.16471,-7.44074 1.83985,-11.7402 -1.26517,-1.61485 -3.33258,-4.25227 -4.59766,-5.8672 0.40917,-0.30296 1.39466,-0.85168 1.83985,-1.2383 -1.42567,-4.42588 -2.25663,-7.01004 -3.6836,-11.4355 -1.20942,-0.84489 -2.77317,-1.93811 -3.98242,-2.7832 0.20298,-5.11809 0.41123,-10.32919 0.61328,-15.4473 -1.27227,-0.95908 -2.41201,-1.82121 -3.68359,-2.7812 -0.33689,-3.18313 -0.57892,-5.46928 -0.91602,-8.6524
h -1.84179
c -2.05556,6.82008 -4.08468,13.57005 -6.13868,20.3906 -0.64606,0.11165 -3.00246,0.96851 -3.36914,0.3125 -1.83922,-1.85394 -5.82876,-5.87456 -7.66797,-7.7285 1.55394,-4.1373 2.74072,-7.29831 4.29493,-11.4355 -3.57515,-0.69404 -4.39563,-0.853 -7.9708,-1.5469 -0.1506,0.0416 -4.44824,1.23635 -4.44824,1.23635
z

m 70.32964,107.66858
c -4.52833,4.09164 -7.44918,6.73039 -11.97785,10.82165 -4.69616,2.0271 -8.18074,3.53159 -12.87695,5.5586 0.41463,1.67209 0.19796,0.80067 0.61328,2.4726 3.03329,1.46028 4.01894,1.9373 7.05274,3.3965 2.72685,-2.52488 4.9417,-4.57998 7.66796,-7.1055 1.79928,-0.24011 2.80044,-0.37222 4.59961,-0.6132 0.25276,-1.39279 0.36165,-2.00161 0.61328,-3.3946 2.01153,-1.93363 5.80159,-5.56385 6.75197,-6.4922 -0.41762,-0.94784 -1.22755,-3.03024 -2.44404,-4.64385
z

m 5.80926,5.88025
c 4.93473,-4.2441 7.64093,-6.57097 12.57617,-10.8145
v -2.4726
h -3.0664
c -1.40532,-4.74613 -2.89322,-9.77356 -4.29883,-14.5196 -1.86891,-0.31764 0.0346,0.007 -1.83398,-0.3125 0.0773,0.86005 0.84072,9.33926 0.91796,10.1993 -0.7566,3.11636 -0.38312,1.49009 -1.22851,4.6328 -1.27893,0.94995 -3.98002,2.81944 -4.59961,3.3965 -0.0528,1.57065 0.30469,5.46676 0.3047,8.3417 0.22815,0.61823 0.58466,0.73685 1.2285,1.5489
z

m -72.83301,-12.66895
c -0.52017,2.19032 -0.29645,0.89622 -0.76464,3.09085 0.15407,2.16906 0.15128,2.15295 0.30273,4.3222 2.52175,-0.17086 2.07796,-0.1401 4.59961,-0.3125 2.42123,-3.72679 2.79327,-4.30335 5.21289,-8.0312 -4.40246,-1.10606 -4.18393,-1.05236 -8.58594,-2.1602 -0.16032,0.64779 -0.60432,2.44305 -0.76465,3.09085
z

m -446.81543,7.21385
c -0.68205,-0.0757 -1.59133,-0.17459 -2.27342,-0.25 -1.02142,0.6863 -1.24187,0.83377 -2.26368,1.5195 0.99215,1.07825 0.64742,0.70404 1.64063,1.7813
z

m -0.63086,3.1699
c 0.0769,0.47952 0.0776,0.48312 0.12891,0.6309 1.06149,-0.43076 2.62608,-0.92426 3.65431,-1.4004 0.66591,-0.83502 0.84795,-1.06524 1.51367,-1.9004 -1.36184,-0.9319 -1.03897,-0.71006 -2.40039,-1.6426
l -0.75392,2.4102
z